@relation mydata
@attribute A numeric
@attribute R numeric
@attribute N numeric
@attribute D numeric
@attribute C numeric
@attribute E numeric
@attribute Q numeric
@attribute G numeric
@attribute H numeric
@attribute I numeric
@attribute L numeric
@attribute K numeric
@attribute M numeric
@attribute F numeric
@attribute P numeric
@attribute S numeric
@attribute T numeric
@attribute W numeric
@attribute Y numeric
@attribute V numeric
@attribute label string
@data
0.0931034482758621,0.0103448275862069,0.0448275862068966,0.0264367816091954,0.00574712643678161,0.0367816091954023,0.0551724137931034,0.125287356321839,0.00689655172413793,0.0390804597701149,0.0574712643678161,0.00344827586206897,0.00574712643678161,0.0218390804597701,0.0873563218390805,0.209195402298851,0.0862068965517241,0,0.0126436781609195,0.0724137931034483,'Positive'
0.0444711538461538,0.0144230769230769,0.0793269230769231,0.0408653846153846,0.00841346153846154,0.0348557692307692,0.0264423076923077,0.0745192307692308,0.0168269230769231,0.0853365384615385,0.0420673076923077,0.03125,0.0192307692307692,0.0408653846153846,0.046875,0.114182692307692,0.144230769230769,0.00480769230769231,0.046875,0.0841346153846154,'Positive'
0.0865384615384615,0.0456730769230769,0.0456730769230769,0.0673076923076923,0.0144230769230769,0.0336538461538462,0.0360576923076923,0.0889423076923077,0.0288461538461538,0.0625,0.0865384615384615,0.0528846153846154,0.00961538461538462,0.0336538461538462,0.0456730769230769,0.0841346153846154,0.0408653846153846,0.0336538461538462,0.0384615384615385,0.0649038461538462,'Positive'
0.103550295857988,0.0384615384615385,0.0532544378698225,0.0650887573964497,0.00887573964497041,0.0384615384615385,0.0177514792899408,0.0828402366863905,0.0266272189349112,0.0710059171597633,0.0532544378698225,0.0710059171597633,0.0207100591715976,0.029585798816568,0.0384615384615385,0.0739644970414201,0.0680473372781065,0.0118343195266272,0.0355029585798817,0.0917159763313609,'Positive'
0.116465863453815,0.0522088353413655,0.0562248995983936,0.0441767068273092,0.00803212851405622,0.0843373493975904,0.0321285140562249,0.072289156626506,0.0120481927710843,0.0763052208835341,0.0763052208835341,0.0562248995983936,0.00803212851405622,0.0321285140562249,0.0401606425702811,0.0522088353413655,0.0602409638554217,0.0160642570281124,0.0120481927710843,0.0923694779116466,'Positive'
0.118721461187215,0.0296803652968037,0.0410958904109589,0.0662100456621005,0.00684931506849315,0.0662100456621005,0.0342465753424658,0.0799086757990868,0.0159817351598174,0.0639269406392694,0.0844748858447489,0.089041095890411,0.0091324200913242,0.0228310502283105,0.0365296803652968,0.0662100456621005,0.045662100456621,0.0114155251141553,0.0342465753424658,0.0776255707762557,'Positive'
0.0847457627118644,0.0112994350282486,0.0508474576271186,0.0790960451977401,0.0282485875706215,0.0282485875706215,0.0451977401129944,0.096045197740113,0.0225988700564972,0.0395480225988701,0.0395480225988701,0.0338983050847458,0.0282485875706215,0.0508474576271186,0.0338983050847458,0.135593220338983,0.0790960451977401,0.0169491525423729,0.0282485875706215,0.0677966101694915,'Positive'
0.0935672514619883,0.0116959064327485,0.0409356725146199,0.0760233918128655,0.0292397660818713,0.0233918128654971,0.0350877192982456,0.0818713450292398,0.00584795321637427,0.0584795321637427,0.0935672514619883,0.0175438596491228,0.0175438596491228,0.0233918128654971,0.0526315789473684,0.146198830409357,0.0818713450292398,0.0175438596491228,0.0409356725146199,0.0526315789473684,'Positive'
0.0392405063291139,0.0354430379746835,0.0632911392405063,0.0620253164556962,0.0594936708860759,0.110126582278481,0.0392405063291139,0.0531645569620253,0.020253164556962,0.0227848101265823,0.108860759493671,0.136708860759494,0.0113924050632911,0.0240506329113924,0.030379746835443,0.0556962025316456,0.0468354430379747,0.0126582278481013,0.0189873417721519,0.0493670886075949,'Positive'
0.089344262295082,0.00573770491803279,0.019672131147541,0.0295081967213115,0.00573770491803279,0.059016393442623,0.0172131147540984,0.0926229508196721,0.00409836065573771,0.0295081967213115,0.0377049180327869,0.00901639344262295,0.00327868852459016,0.0245901639344262,0.0434426229508197,0.1,0.242622950819672,0.00327868852459016,0.0540983606557377,0.129508196721311,'Positive'
0.0363128491620112,0.0111731843575419,0.058659217877095,0.0502793296089385,0.0223463687150838,0.0391061452513966,0.0251396648044693,0.053072625698324,0.00558659217877095,0.0754189944134078,0.0614525139664804,0.0139664804469274,0.00837988826815642,0.0279329608938547,0.0614525139664804,0.167597765363128,0.153631284916201,0.00279329608938547,0.0502793296089385,0.0754189944134078,'Positive'
0.0429447852760736,0.0306748466257669,0.0828220858895705,0.0460122699386503,0.0153374233128834,0.049079754601227,0.0337423312883436,0.0644171779141104,0.00920245398773006,0.0705521472392638,0.049079754601227,0.0153374233128834,0.0122699386503067,0.0368098159509202,0.049079754601227,0.119631901840491,0.147239263803681,0.00613496932515337,0.0429447852760736,0.0766871165644172,'Positive'
0.0464135021097046,0.0105485232067511,0.0421940928270042,0.0379746835443038,0.00632911392405063,0.0305907172995781,0.0189873417721519,0.0390295358649789,0.00632911392405063,0.0654008438818565,0.0580168776371308,0.0137130801687764,0.00316455696202532,0.0358649789029536,0.060126582278481,0.229957805907173,0.174050632911392,0.00527426160337553,0.0379746835443038,0.0780590717299578,'Positive'
0.0513874614594039,0.0184994861253854,0.0277492291880781,0.0339157245632066,0.00513874614594039,0.0565262076053443,0.00822199383350463,0.092497430626927,0.013360739979445,0.0328879753340185,0.0328879753340185,0.0205549845837616,0.00719424460431655,0.0318602261048304,0.0462487153134635,0.124357656731757,0.198355601233299,0.00102774922918808,0.0503597122302158,0.146968139773895,'Positive'
0.0459770114942529,0.0114942528735632,0.0344827586206897,0,0.0344827586206897,0.0459770114942529,0.0574712643678161,0.0459770114942529,0.0114942528735632,0.0689655172413793,0.0804597701149425,0.0344827586206897,0.0229885057471264,0.0574712643678161,0.0574712643678161,0.149425287356322,0.126436781609195,0,0.0459770114942529,0.0689655172413793,'Positive'
0.0615911035072712,0.00940975192472198,0.0384944396920445,0.0256629597946963,0.029940119760479,0.0727117194183062,0.0153977758768178,0.0325064157399487,0.0076988879384089,0.0359281437125748,0.0325064157399487,0.0265183917878529,0.0111206159110351,0.0256629597946963,0.0419161676646707,0.242087254063302,0.16595380667237,0.0076988879384089,0.0402053036783576,0.076988879384089,'Positive'
0.063643013899049,0.00146305779078274,0.0263350402340892,0.0102414045354792,0.0146305779078274,0.0504754937820044,0.0146305779078274,0.0329188002926116,0.00365764447695684,0.0234089246525238,0.0212143379663497,0.021945866861741,0.00365764447695684,0.0131675201170446,0.104608632040966,0.253840526700805,0.247256766642282,0.00585223116313094,0.0168251645940015,0.0702267739575713,'Positive'
0.0661538461538462,0.0123076923076923,0.0646153846153846,0.0446153846153846,0.0107692307692308,0.0430769230769231,0.0307692307692308,0.0476923076923077,0.0123076923076923,0.0630769230769231,0.0753846153846154,0.0261538461538462,0.0123076923076923,0.06,0.0292307692307692,0.161538461538462,0.136923076923077,0.0107692307692308,0.0415384615384615,0.0507692307692308,'Positive'
0.130268199233716,0.0498084291187739,0.0459770114942529,0.0957854406130268,0.00383141762452107,0.0498084291187739,0.0306513409961686,0.0804597701149425,0.00383141762452107,0.0651340996168582,0.0613026819923372,0.0651340996168582,0.00766283524904215,0.053639846743295,0.0114942528735632,0.0881226053639847,0.0498084291187739,0.0114942528735632,0.0268199233716475,0.0689655172413793,'Positive'
0.03681592039801,0.0427860696517413,0.0845771144278607,0.0736318407960199,0.017910447761194,0.0746268656716418,0.026865671641791,0.0378109452736318,0.0139303482587065,0.0616915422885572,0.0766169154228856,0.114427860696517,0.0119402985074627,0.0467661691542289,0.0288557213930348,0.108457711442786,0.0398009950248756,0.00597014925373134,0.0427860696517413,0.0537313432835821,'Positive'
0.0559353635798633,0.0074580484773151,0.0310752019888129,0.0198881292728403,0.0155376009944065,0.0354257302672467,0.0348042262274705,0.0292106898694842,0.00807955251709136,0.0497203231821007,0.0621504039776259,0.0261031696706029,0.00932256059664388,0.0261031696706029,0.0478558110627719,0.26413921690491,0.180857675574891,0.0074580484773151,0.0248601615910503,0.0640149160969546,'Positive'
0.0588235294117647,0.0784313725490196,0.0504201680672269,0.0392156862745098,0.0644257703081232,0.0672268907563025,0.0196078431372549,0.0560224089635854,0.0252100840336134,0.0504201680672269,0.0840336134453782,0.0952380952380952,0.0140056022408964,0.0336134453781513,0.0532212885154062,0.061624649859944,0.0252100840336134,0.00280112044817927,0.0420168067226891,0.0784313725490196,'Positive'
0.0641562064156206,0.0125523012552301,0.0264993026499303,0.0320781032078103,0.0278940027894003,0.0432357043235704,0.0683403068340307,0.0892608089260809,0.0111576011157601,0.0516039051603905,0.0237099023709902,0.0571827057182706,0.00697350069735007,0.0292887029288703,0.105997210599721,0.0781032078103208,0.181311018131102,0.00697350069735007,0.0125523012552301,0.0711297071129707,'Positive'
0.133986928104575,0.00326797385620915,0.0228758169934641,0.0392156862745098,0.0294117647058824,0.00980392156862745,0.0261437908496732,0.0784313725490196,0.0326797385620915,0.0326797385620915,0.0490196078431373,0.0294117647058824,0.0294117647058824,0,0.156862745098039,0.0457516339869281,0.133986928104575,0.0163398692810458,0.00326797385620915,0.127450980392157,'Positive'
0.0461938841899805,0.0162654521795706,0.033181522446324,0.0279765777488614,0.0104098893949252,0.05530253741054,0.0214703968770332,0.0611581001951854,0.00325309043591412,0.0624593363695511,0.0344827586206897,0.0123617436564736,0.0188679245283019,0.0234222511385817,0.0585556278464541,0.130123617436565,0.28106701366298,0.0162654521795706,0.0188679245283019,0.0683148991541965,'Positive'
0.124681933842239,0.0152671755725191,0.0305343511450382,0.0330788804071247,0.0203562340966921,0.0687022900763359,0.0178117048346056,0.0585241730279898,0.00508905852417303,0.0508905852417303,0.0712468193384224,0.0229007633587786,0.00254452926208651,0.0254452926208651,0.0636132315521628,0.0763358778625954,0.162849872773537,0,0.0330788804071247,0.11704834605598,'Positive'
0.081992337164751,0.00766283524904215,0.0314176245210728,0.102681992337165,0.0145593869731801,0.0674329501915709,0.00919540229885057,0.0475095785440613,0.00306513409961686,0.0628352490421456,0.0413793103448276,0.0145593869731801,0.00153256704980843,0.0153256704980843,0.0444444444444444,0.215325670498084,0.134099616858238,0.00306513409961686,0.0176245210727969,0.0842911877394636,'Positive'
0.0412698412698413,0.0486772486772487,0.0708994708994709,0.0666666666666667,0.00423280423280423,0.0613756613756614,0.0708994708994709,0.0275132275132275,0.0275132275132275,0.0507936507936508,0.0708994708994709,0.0645502645502646,0.0201058201058201,0.0338624338624339,0.0772486772486772,0.107936507936508,0.0962962962962963,0.00634920634920635,0.017989417989418,0.0349206349206349,'Positive'
0.0393184796854522,0.00262123197903014,0.0117955439056356,0.0117955439056356,0.0144167758846658,0.0314547837483617,0.0209698558322412,0.0131061598951507,0.0117955439056356,0.0419397116644823,0.0524246395806029,0.0157273918741809,0.0144167758846658,0.018348623853211,0.0432503276539974,0.360419397116645,0.217562254259502,0.00393184796854522,0.0196592398427261,0.055045871559633,'Positive'
0.0808435852372583,0.00527240773286467,0.0246045694200351,0.0404217926186292,0.0246045694200351,0.0755711775043937,0.054481546572935,0.0386643233743409,0.00175746924428822,0.0474516695957821,0.0228471001757469,0.015817223198594,0.0123022847100176,0.0070298769771529,0.149384885764499,0.144112478031634,0.166959578207381,0.00351493848857645,0.0246045694200351,0.0597539543057996,'Positive'
0.0916666666666667,0.0666666666666667,0.0416666666666667,0.0583333333333333,0.0333333333333333,0.025,0.1,0.1,0.0416666666666667,0.0333333333333333,0.0666666666666667,0.0166666666666667,0.00833333333333333,0.025,0.0416666666666667,0.0416666666666667,0.0416666666666667,0.00833333333333333,0.0666666666666667,0.0916666666666667,'Positive'
0.0481540930979133,0.0321027287319422,0.0898876404494382,0.0192616372391653,0.00481540930979133,0.0304975922953451,0.170144462279294,0.0256821829855538,0.0240770465489567,0.0465489566613162,0.0529695024077047,0.0449438202247191,0.0208667736757624,0.0304975922953451,0.0898876404494382,0.118780096308186,0.0834670947030498,0.00642054574638844,0.0272873194221509,0.0337078651685393,'Positive'
0.0802675585284281,0.0234113712374582,0.0468227424749164,0.0802675585284281,0.0301003344481605,0.0501672240802676,0.040133779264214,0.0602006688963211,0.0434782608695652,0.0367892976588629,0.0735785953177258,0.040133779264214,0.00334448160535117,0.0468227424749164,0.020066889632107,0.127090301003344,0.0668896321070234,0.020066889632107,0.0535117056856187,0.0568561872909699,'Positive'
0.0224632068164214,0.0232378001549187,0.0185902401239349,0.0743609604957397,0.00542215336948102,0.040278853601859,0.0131680867544539,0.0619674670797831,0.0185902401239349,0.0790085205267235,0.0216886134779241,0.0069713400464756,0.000774593338497289,0.0418280402788536,0.0898528272656855,0.0712625871417506,0.312161115414407,0.0193648334624322,0.0216886134779241,0.0573199070487994,'Positive'
0.0626927029804728,0.0159301130524152,0.0354573484069887,0.0179856115107914,0.00719424460431655,0.0436793422404933,0.0118191161356629,0.0775950668036999,0.00359712230215827,0.0328879753340185,0.0369989722507708,0.0246659815005139,0.00411099691675231,0.0246659815005139,0.0554984583761562,0.0981500513874615,0.232271325796506,0.0025693730729702,0.0385405960945529,0.173689619732785,'Positive'
0.048695652173913,0.00956521739130435,0.0417391304347826,0.0226086956521739,0.0130434782608696,0.04,0.0139130434782609,0.0782608695652174,0.00347826086956522,0.0460869565217391,0.031304347826087,0.0226086956521739,0.00782608695652174,0.031304347826087,0.0652173913043478,0.101739130434783,0.227826086956522,0.00521739130434783,0.04,0.149565217391304,'Positive'
0.06,0.0032,0.012,0.0176,0.0144,0.0528,0.0104,0.0888,0.0016,0.0192,0.012,0.0152,0.0032,0.008,0.1208,0.1728,0.2912,8e-04,0.0352,0.0608,'Positive'
0.0657640232108317,0.0183752417794971,0.0357833655705996,0.0599613152804642,0.00773694390715667,0.04642166344294,0.0270793036750484,0.0715667311411992,0.011605415860735,0.0483558994197292,0.0570599613152805,0.0164410058027079,0.00580270793036751,0.0319148936170213,0.0522243713733075,0.106382978723404,0.183752417794971,0.0193423597678917,0.0473887814313346,0.0870406189555126,'Positive'
0.00683176771989752,0.00683176771989752,0.0563620836891546,0.143467122117848,0.0802732707087959,0.0768573868488471,0.00256191289496157,0.0230572160546541,0.0580700256191289,0.00256191289496157,0.0546541417591802,0.113578138343296,0.00085397096498719,0.0230572160546541,0.0350128095644748,0.0785653287788215,0.00939368061485909,0.132365499573015,0.0845431255337318,0.0111016225448335,'Positive'
0.0396135265700483,0.00579710144927536,0.021256038647343,0.0289855072463768,0.01256038647343,0.0792270531400966,0.0106280193236715,0.0734299516908213,0.0173913043478261,0.0657004830917874,0.0241545893719807,0.0695652173913043,0.000966183574879227,0.0270531400966184,0.0521739130434783,0.0801932367149758,0.248309178743961,0.0144927536231884,0.063768115942029,0.0647342995169082,'Positive'
0.0391608391608392,0.020979020979021,0.0601398601398601,0.0517482517482517,0.0181818181818182,0.0307692307692308,0.0251748251748252,0.0447552447552448,0.0153846153846154,0.0531468531468531,0.0741258741258741,0.041958041958042,0.0167832167832168,0.048951048951049,0.048951048951049,0.193006993006993,0.117482517482517,0.00699300699300699,0.0503496503496504,0.041958041958042,'Positive'
0.0269853508095605,0.0131071703932151,0.104857363145721,0.0516576715497301,0.00848111025443331,0.0161912104857363,0.0115651503469545,0.0909791827293755,0.0138781804163454,0.0346954510408635,0.0316114109483423,0.0316114109483423,0.0038550501156515,0.0339244410177332,0.12875867386276,0.197378565921357,0.112567463377024,0.0030840400925212,0.023130300693909,0.0616808018504241,'Positive'
0.0367504835589942,0.0193423597678917,0.0725338491295938,0.0338491295938104,0.0193423597678917,0.0377176015473888,0.0145067698259188,0.0406189555125725,0.0241779497098646,0.0705996131528046,0.0638297872340425,0.0560928433268859,0.0145067698259188,0.0328820116054159,0.04642166344294,0.195357833655706,0.13926499032882,0.00290135396518375,0.0425531914893617,0.0367504835589942,'Positive'
0.0127118644067797,0.0155367231638418,0.0741525423728814,0.0564971751412429,0.0077683615819209,0.0162429378531073,0.0120056497175141,0.0974576271186441,0.0105932203389831,0.0360169491525424,0.0374293785310734,0.0275423728813559,0.00494350282485876,0.0416666666666667,0.0953389830508475,0.227401129943503,0.159604519774011,0.00211864406779661,0.0247175141242938,0.0402542372881356,'Positive'
0.112399643175736,0,0.00535236396074933,0.0107047279214987,0.0178412132024978,0.106155218554862,0.0187332738626227,0.0410347903657449,0.00178412132024978,0.0214094558429973,0.00713648528099911,0.0142729705619982,0.00178412132024978,0.00446030330062444,0.151650312221231,0.137377341659233,0.278322925958965,0.000892060660124889,0.0151650312221231,0.0535236396074933,'Positive'
0.042654028436019,0.014218009478673,0.004739336492891,0.146919431279621,0.0663507109004739,0.0402843601895735,0.00710900473933649,0.101895734597156,0.0165876777251185,0.033175355450237,0.00710900473933649,0.0924170616113744,0.00947867298578199,0.0118483412322275,0.165876777251185,0.0663507109004739,0.0473933649289099,0.0023696682464455,0.116113744075829,0.00710900473933649,'Positive'
0.0465863453815261,0.0626506024096386,0.065863453815261,0.0706827309236948,0.0779116465863454,0.0465863453815261,0.0417670682730924,0.121285140562249,0.0184738955823293,0.0321285140562249,0.048995983935743,0.0506024096385542,0.00160642570281125,0.0144578313253012,0.0465863453815261,0.0843373493975904,0.0626506024096386,0.0313253012048193,0.0305220883534137,0.0449799196787149,'Positive'
0.0467562828755114,0.0391583869082408,0.0824079485680888,0.075978959672706,0.00350672121566335,0.0724722384570427,0.0590298071303331,0.0274693161893629,0.0292226767971946,0.0566919929865576,0.0713033313851549,0.0835768556399766,0.0140268848626534,0.0356516656925774,0.065458796025716,0.110461718293396,0.0607831677381648,0.00409117475160725,0.0175336060783168,0.0444184687317358,'Positive'
0.0261707988980716,0.00826446280991736,0.0351239669421488,0.0433884297520661,0.00413223140495868,0.0943526170798898,0.0199724517906336,0.0730027548209366,0.0034435261707989,0.0578512396694215,0.0261707988980716,0.0068870523415978,0.0034435261707989,0.0254820936639118,0.0564738292011019,0.111570247933884,0.267906336088154,0.0165289256198347,0.0399449035812672,0.0798898071625344,'Positive'
0.0437262357414449,0.0104562737642586,0.032319391634981,0.0465779467680608,0.0247148288973384,0.0712927756653992,0.0256653992395437,0.0370722433460076,0.00475285171102662,0.0598859315589354,0.0475285171102662,0.0256653992395437,0.00665399239543726,0.0304182509505703,0.0370722433460076,0.242395437262357,0.173003802281369,0.00380228136882129,0.0237642585551331,0.0532319391634981,'Positive'
0.0677570093457944,0.0668224299065421,0.0364485981308411,0.0626168224299065,0.00841121495327103,0.0551401869158879,0.0341121495327103,0.0532710280373832,0.0383177570093458,0.0434579439252336,0.0654205607476635,0.035981308411215,0.0149532710280374,0.0224299065420561,0.10981308411215,0.142523364485981,0.0598130841121495,0.00841121495327103,0.0186915887850467,0.055607476635514,'Positive'
0.0887096774193548,0.0625,0.0362903225806452,0.0826612903225806,0.00806451612903226,0.0766129032258065,0.0362903225806452,0.0604838709677419,0.0241935483870968,0.0504032258064516,0.092741935483871,0.0584677419354839,0.0201612903225806,0.0443548387096774,0.0524193548387097,0.0725806451612903,0.0423387096774194,0.00806451612903226,0.0181451612903226,0.0645161290322581,'Positive'
0.0384047267355982,0.016740521910389,0.0374199901526342,0.0531757754800591,0.00541605120630231,0.0773018217626785,0.0157557853274249,0.0398818316100443,0.016740521910389,0.0630231413096997,0.0413589364844904,0.0310192023633678,0.0128015755785327,0.0418513047759724,0.051206302314131,0.199901526341704,0.152141802067947,0.0132939438700148,0.0265878877400295,0.0659773510585918,'Positive'
0.0622529644268775,0.0148221343873518,0.0454545454545455,0.0266798418972332,0.0187747035573123,0.0454545454545455,0.0345849802371542,0.0444664031620553,0.033596837944664,0.0612648221343874,0.0573122529644269,0.0494071146245059,0.00988142292490119,0.0286561264822134,0.066205533596838,0.16501976284585,0.142292490118577,0.00395256916996047,0.0286561264822134,0.0612648221343874,'Positive'
0.0391815411406182,0.0230735742272529,0.0322159338267305,0.0526774053112756,0.00391815411406182,0.0827165868524162,0.0152372659991293,0.0374401393121463,0.0139312146277754,0.0565955594253374,0.0391815411406182,0.0200261210274271,0.0152372659991293,0.0356987374836744,0.0452764475402699,0.241619503700479,0.132346538963866,0.0104484109708315,0.0261210274270788,0.0770570309098825,'Positive'
0.0492030492030492,0.0097020097020097,0.0464310464310464,0.0533610533610534,0.00831600831600832,0.0533610533610534,0.0173250173250173,0.0408870408870409,0.0145530145530146,0.0561330561330561,0.0457380457380457,0.0235620235620236,0.00693000693000693,0.036036036036036,0.0471240471240471,0.21968121968122,0.167013167013167,0.0097020097020097,0.0256410256410256,0.0693000693000693,'Positive'
0.0559440559440559,0.0699300699300699,0.0769230769230769,0.041958041958042,0.00699300699300699,0.0629370629370629,0.034965034965035,0.0909090909090909,0.00699300699300699,0.0559440559440559,0.048951048951049,0.034965034965035,0.013986013986014,0.041958041958042,0.020979020979021,0.0559440559440559,0.111888111888112,0.020979020979021,0.0629370629370629,0.0839160839160839,'Positive'
0.0562770562770563,0.051948051948052,0.0779220779220779,0.0432900432900433,0,0.0476190476190476,0.0216450216450216,0.0432900432900433,0.0216450216450216,0.051948051948052,0.0346320346320346,0.0432900432900433,0.0303030303030303,0.025974025974026,0.0562770562770563,0.212121212121212,0.0909090909090909,0.00865800865800866,0.0346320346320346,0.0476190476190476,'Positive'
0.0980392156862745,0.0196078431372549,0.0522875816993464,0.0522875816993464,0,0.0457516339869281,0.0392156862745098,0.0718954248366013,0.0261437908496732,0.0457516339869281,0.0588235294117647,0.0718954248366013,0.0065359477124183,0.0261437908496732,0.0522875816993464,0.0849673202614379,0.0915032679738562,0.0261437908496732,0.0522875816993464,0.0784313725490196,'Positive'
0.127882599580713,0.0230607966457023,0.0377358490566038,0.0209643605870021,0.0125786163522013,0.0188679245283019,0.0146750524109015,0.0482180293501048,0.00419287211740042,0.0670859538784067,0.0964360587002096,0.0188679245283019,0.00419287211740042,0.010482180293501,0.136268343815514,0.150943396226415,0.148846960167715,0.00838574423480084,0,0.050314465408805,'Positive'
0.0392054364871929,0.0151594354417146,0.0496602195504443,0.0392054364871929,0.00575013068478829,0.0595922634605332,0.0151594354417146,0.0423418714061683,0.00888656560376372,0.0700470465237846,0.03659174072138,0.0282279142707789,0.00470465237846315,0.0423418714061683,0.0585467851542081,0.173026659696811,0.205436487192891,0.0130684788290643,0.0277051751176163,0.0653423941453215,'Positive'
0.0575916230366492,0.0239341810022438,0.0359012715033657,0.0317875841436051,0.00448765893792072,0.0448765893792072,0.0265519820493642,0.068436798803291,0.00411368735976066,0.0609573672400898,0.0164547494390426,0.0108451757666417,0.00149588631264024,0.0209424083769634,0.102094240837696,0.0871353777112939,0.256170531039641,0.0220643231114435,0.050112191473448,0.0740463724756918,'Positive'
0.0697674418604651,0.0824524312896406,0.0317124735729387,0.0528541226215645,0.0126849894291755,0.0422832980972516,0.0380549682875264,0.0591966173361522,0.025369978858351,0.0211416490486258,0.0845665961945032,0.0317124735729387,0.025369978858351,0.0295983086680761,0.109936575052854,0.13953488372093,0.0761099365750529,0.0126849894291755,0.0232558139534884,0.0317124735729387,'Positive'
0.0628019323671498,0.0603864734299517,0.0772946859903382,0.0193236714975845,0.00966183574879227,0.0314009661835749,0.0265700483091787,0.0386473429951691,0.0531400966183575,0.0628019323671498,0.103864734299517,0.0458937198067633,0.0169082125603865,0.0241545893719807,0.0797101449275362,0.0772946859903382,0.0869565217391304,0.0120772946859903,0.0434782608695652,0.0676328502415459,'Positive'
0.0493601462522852,0.056672760511883,0.020109689213894,0.0274223034734918,0,0.0457038391224863,0.0219378427787934,0.0950639853747715,0.0219378427787934,0.0731261425959781,0.056672760511883,0.0347349177330896,0.00548446069469835,0.0219378427787934,0.109689213893967,0.19926873857404,0.0914076782449726,0.00182815356489945,0.00731261425959781,0.0603290676416819,'Positive'
0.0543478260869565,0.0706521739130435,0.0217391304347826,0.0625,0.00815217391304348,0.0298913043478261,0.0244565217391304,0.0652173913043478,0.0407608695652174,0.0244565217391304,0.0706521739130435,0.0271739130434783,0.0326086956521739,0.0217391304347826,0.10054347826087,0.1875,0.0842391304347826,0.0135869565217391,0.0326086956521739,0.0271739130434783,'Positive'
0.0329896907216495,0.0432989690721649,0.0701030927835052,0.0515463917525773,0.00824742268041237,0.0783505154639175,0.0288659793814433,0.0164948453608247,0.0123711340206186,0.0680412371134021,0.154639175257732,0.0742268041237113,0.0247422680412371,0.0329896907216495,0.0515463917525773,0.0824742268041237,0.0577319587628866,0.00618556701030928,0.0350515463917526,0.0701030927835052,'Positive'
0.0694444444444444,0.0509259259259259,0.0416666666666667,0.0601851851851852,0.0138888888888889,0.0694444444444444,0.0416666666666667,0.0277777777777778,0.0324074074074074,0.0833333333333333,0.125,0.0740740740740741,0.0231481481481481,0.0416666666666667,0.037037037037037,0.0740740740740741,0.0324074074074074,0.00925925925925926,0.0231481481481481,0.0694444444444444,'Positive'
0.0955631399317406,0.0204778156996587,0.0614334470989761,0.0750853242320819,0.0102389078498294,0.0273037542662116,0.0341296928327645,0.10580204778157,0.0273037542662116,0.0614334470989761,0.0546075085324232,0.0477815699658703,0.0204778156996587,0.0477815699658703,0.037542662116041,0.0716723549488055,0.068259385665529,0.0409556313993174,0.0511945392491468,0.0409556313993174,'Positive'
0.0909090909090909,0.0636363636363636,0.0327272727272727,0.0509090909090909,0.00909090909090909,0.0454545454545455,0.0309090909090909,0.0636363636363636,0.0472727272727273,0.0218181818181818,0.0763636363636364,0.0363636363636364,0.0254545454545455,0.0254545454545455,0.0927272727272727,0.132727272727273,0.0763636363636364,0.0127272727272727,0.0272727272727273,0.0381818181818182,'Positive'
0.0794979079497908,0.0711297071129707,0.00836820083682008,0.0460251046025105,0.0167364016736402,0.0711297071129707,0.0334728033472803,0.0376569037656904,0.0292887029288703,0.0334728033472803,0.096234309623431,0.0502092050209205,0.0125523012552301,0.0292887029288703,0.0836820083682008,0.167364016736402,0.0836820083682008,0.00836820083682008,0.00418410041841004,0.0376569037656904,'Positive'
0.0469230769230769,0.00769230769230769,0.0238461538461538,0.0230769230769231,0.01,0.0507692307692308,0.0292307692307692,0.0446153846153846,0.00538461538461538,0.0615384615384615,0.0430769230769231,0.0238461538461538,0.0107692307692308,0.02,0.0615384615384615,0.180769230769231,0.244615384615385,0.0115384615384615,0.0192307692307692,0.0815384615384615,'Positive'
0.0570264765784114,0.0162932790224033,0.0366598778004073,0.0407331975560081,0.0224032586558045,0.0264765784114053,0.0285132382892057,0.0427698574338086,0.0224032586558045,0.0936863543788187,0.0631364562118126,0.0366598778004073,0.0305498981670061,0.0244399185336049,0.0285132382892057,0.138492871690428,0.169042769857434,0.00203665987780041,0.0386965376782077,0.0814663951120163,'Positive'
0.119544592030361,0.015180265654649,0.0398481973434535,0.0265654648956357,0.0208728652751423,0.0550284629981025,0.0303605313092979,0.0853889943074004,0.015180265654649,0.0550284629981025,0.0284629981024668,0.0303605313092979,0.00569259962049336,0.0265654648956357,0.047438330170778,0.108159392789374,0.157495256166983,0,0.032258064516129,0.100569259962049,'Positive'
0.0456730769230769,0.00961538461538462,0.0456730769230769,0.0408653846153846,0.0168269230769231,0.0408653846153846,0.0288461538461538,0.0817307692307692,0.00480769230769231,0.0480769230769231,0.0384615384615385,0.0216346153846154,0.0120192307692308,0.0697115384615385,0.0600961538461538,0.122596153846154,0.153846153846154,0.0120192307692308,0.0625,0.0841346153846154,'Positive'
0.05,0.0150793650793651,0.0476190476190476,0.0436507936507936,0.00793650793650794,0.046031746031746,0.026984126984127,0.0547619047619048,0.00952380952380952,0.0515873015873016,0.0388888888888889,0.0214285714285714,0.00714285714285714,0.0246031746031746,0.0698412698412698,0.149206349206349,0.21984126984127,0.0134920634920635,0.0317460317460317,0.0706349206349206,'Positive'
0.0500352360817477,0.0105708245243129,0.0479210711768851,0.0563777307963354,0.00775193798449612,0.0521494009866103,0.0225510923185342,0.0394644115574348,0.0133897110641297,0.0599013389711064,0.0472163495419309,0.0267794221282593,0.00634249471458774,0.0338266384778013,0.0458069062720226,0.219168428470754,0.162790697674419,0.0112755461592671,0.0267794221282593,0.0599013389711064,'Positive'
0.0477554918815664,0.0152817574021012,0.049665711556829,0.0372492836676218,0.0105062082139446,0.0468003820439351,0.0267430754536772,0.0601719197707736,0.0152817574021012,0.0544412607449857,0.0372492836676218,0.0238777459407832,0.00859598853868195,0.0267430754536772,0.0678127984718243,0.115568290353391,0.227316141356256,0.0191021967526266,0.0391595033428844,0.0706781279847182,'Positive'
0.0473637176050045,0.0160857908847185,0.0500446827524576,0.0366398570151921,0.00983020554066131,0.0500446827524576,0.0268096514745308,0.0571939231456658,0.0134048257372654,0.0554066130473637,0.0357462019660411,0.0223413762287757,0.00804289544235925,0.0259159964253798,0.0714924039320822,0.111706881143878,0.230563002680965,0.0196604110813226,0.0402144772117962,0.0714924039320822,'Positive'
0.103448275862069,0.0229885057471264,0.0229885057471264,0.0114942528735632,0.0229885057471264,0.0344827586206897,0.0574712643678161,0.0344827586206897,0.0114942528735632,0.0689655172413793,0.0689655172413793,0.0229885057471264,0.0229885057471264,0.0574712643678161,0.0459770114942529,0.137931034482759,0.103448275862069,0,0.0689655172413793,0.0804597701149425,'Positive'
0.0517241379310345,0.0227586206896552,0.0462068965517241,0.0344827586206897,0.00827586206896552,0.0386206896551724,0.0241379310344828,0.0744827586206896,0.00689655172413793,0.06,0.0255172413793103,0.0186206896551724,0.00275862068965517,0.0255172413793103,0.0889655172413793,0.108965517241379,0.222068965517241,0.0172413793103448,0.0427586206896552,0.08,'Positive'
0.0517241379310345,0.0517241379310345,0.0517241379310345,0.0402298850574713,0.0718390804597701,0.0574712643678161,0.0316091954022989,0.0517241379310345,0.0201149425287356,0.0517241379310345,0.0775862068965517,0.10632183908046,0.0201149425287356,0.0344827586206897,0.0718390804597701,0.0689655172413793,0.028735632183908,0.0028735632183908,0.0344827586206897,0.0747126436781609,'Positive'
0.0714285714285714,0.0164835164835165,0.0549450549450549,0.0604395604395604,0.0604395604395604,0.0274725274725275,0.032967032967033,0.0384615384615385,0.032967032967033,0.032967032967033,0.0934065934065934,0.0549450549450549,0.0164835164835165,0.0384615384615385,0.0769230769230769,0.126373626373626,0.104395604395604,0,0.021978021978022,0.0384615384615385,'Positive'
0.011444921316166,0.0100143061516452,0.0758226037195994,0.144492131616595,0.0772532188841202,0.0386266094420601,0.00715307582260372,0.0429184549356223,0.0729613733905579,0.00429184549356223,0.061516452074392,0.0901287553648069,0.00429184549356223,0.0143061516452074,0.0629470672389127,0.0529327610872675,0.0143061516452074,0.105865522174535,0.0901287553648069,0.0185979971387697,'Positive'
0.029126213592233,0.0141218005295675,0.088261253309797,0.0556045895851721,0.0114739629302736,0.0176522506619594,0.00794351279788173,0.0750220653133274,0.0158870255957635,0.0432480141218005,0.0370697263901147,0.0388349514563107,0.00529567519858782,0.0344218887908208,0.132391879964696,0.174757281553398,0.122683142100618,0.00176522506619594,0.029126213592233,0.0653133274492498,'Positive'
0.0147783251231527,0.0164203612479475,0.0796387520525452,0.0492610837438424,0.0090311986863711,0.0155993431855501,0.0139573070607553,0.0960591133004926,0.0090311986863711,0.035303776683087,0.0369458128078818,0.0254515599343186,0.00574712643678161,0.0385878489326765,0.0960591133004926,0.253694581280788,0.136288998357964,0.00246305418719212,0.0254515599343186,0.0402298850574713,'Positive'
0.0467532467532468,0.0164502164502165,0.0493506493506494,0.0363636363636364,0.00952380952380952,0.0502164502164502,0.025974025974026,0.0562770562770563,0.012987012987013,0.0571428571428571,0.0346320346320346,0.0207792207792208,0.00779220779220779,0.0251082251082251,0.0744588744588745,0.110822510822511,0.234632034632035,0.0199134199134199,0.038961038961039,0.0718614718614719,'Positive'
0.0949464012251149,0,0.00918836140888208,0.0168453292496172,0.0183767228177642,0.0781010719754977,0.0290964777947933,0.0643185298621746,0.00306278713629403,0.0367534456355283,0.0122511485451761,0.0229709035222052,0.00306278713629403,0.00765696784073507,0.137825421133231,0.122511485451761,0.229709035222052,0.00153139356814701,0.0260336906584992,0.0857580398162328,'Positive'
0.0514372163388805,0.0143721633888048,0.0393343419062027,0.0279878971255673,0.0128593040847201,0.0476550680786687,0.0226928895612708,0.0544629349470499,0.00302571860816944,0.0688350983358548,0.0370650529500756,0.0151285930408472,0.0166414523449319,0.0226928895612708,0.056732223903177,0.138426626323752,0.26928895612708,0.0151285930408472,0.0204236006051437,0.0658093797276853,'Positive'
0.0519765739385066,0.00878477306002928,0.0446559297218155,0.0541727672035139,0.00805270863836018,0.0483162518301611,0.0190336749633968,0.0439238653001464,0.0146412884333821,0.0556368960468521,0.0468521229868228,0.0234260614934114,0.00805270863836018,0.0351390922401171,0.0453879941434846,0.227672035139092,0.161786237188873,0.00951683748169839,0.0248901903367496,0.0680819912152269,'Positive'
0.04,0.0162025316455696,0.0379746835443038,0.0516455696202532,0.00455696202531646,0.0774683544303797,0.0156962025316456,0.0425316455696203,0.0177215189873418,0.0607594936708861,0.0415189873417722,0.0318987341772152,0.0121518987341772,0.0435443037974684,0.0511392405063291,0.191898734177215,0.156455696202532,0.0136708860759494,0.0253164556962025,0.0678481012658228,'Positive'
0.0420711974110032,0.00809061488673139,0.052319309600863,0.0280474649406688,0.00431499460625674,0.0658036677454153,0.011866235167206,0.0431499460625674,0.00701186623516721,0.0544768069039914,0.0329018338727077,0.0307443365695793,0.00916936353829558,0.0447680690399137,0.0647249190938511,0.176914778856526,0.19848975188781,0.0145631067961165,0.029126213592233,0.081445523193096,'Positive'
0.0414620840152755,0.00927441352973268,0.0501909438079651,0.033278777959629,0.00545553737043099,0.0616475722858702,0.0114566284779051,0.0447354064375341,0.00981996726677578,0.0643753409710856,0.0343698854337152,0.0321876704855428,0.00600109110747409,0.0425531914893617,0.0621931260229133,0.180578286961266,0.192580469176214,0.0141843971631206,0.0256410256410256,0.0780141843971631,'Positive'
0.0506146059291396,0.0093998553868402,0.0498915401301518,0.0563991323210412,0.00723065798987708,0.0498915401301518,0.0224150397686189,0.0404916847433116,0.0137382501807664,0.0636297903109183,0.0491684743311641,0.0274765003615329,0.00578452639190166,0.0332610267534346,0.0455531453362256,0.219088937093275,0.160520607375271,0.0108459869848156,0.0267534345625452,0.0578452639190166,'Positive'
0.052755905511811,0.00866141732283465,0.0488188976377953,0.0598425196850394,0.0078740157480315,0.0448818897637795,0.0244094488188976,0.0409448818897638,0.0125984251968504,0.0622047244094488,0.0519685039370079,0.0283464566929134,0.0062992125984252,0.0346456692913386,0.0417322834645669,0.22755905511811,0.152755905511811,0.0094488188976378,0.0267716535433071,0.0574803149606299,'Positive'
0.0452380952380952,0.00714285714285714,0.0517857142857143,0.0488095238095238,0.00654761904761905,0.0607142857142857,0.0148809523809524,0.0452380952380952,0.0172619047619048,0.0672619047619048,0.0333333333333333,0.0267857142857143,0.00654761904761905,0.0380952380952381,0.0535714285714286,0.189880952380952,0.179761904761905,0.0130952380952381,0.0267857142857143,0.0672619047619048,'Positive'
0.0471042471042471,0.0154440154440154,0.0501930501930502,0.0393822393822394,0.00772200772200772,0.0432432432432432,0.0239382239382239,0.061003861003861,0.0162162162162162,0.0617760617760618,0.0316602316602317,0.0154440154440154,0.00849420849420849,0.0247104247104247,0.0664092664092664,0.148262548262548,0.215444015444015,0.0138996138996139,0.0332046332046332,0.0764478764478764,'Positive'
0.0949720670391061,0.0502793296089385,0.0446927374301676,0.0670391061452514,0.0195530726256983,0.0558659217877095,0.0279329608938547,0.0977653631284916,0.0251396648044693,0.053072625698324,0.0726256983240224,0.058659217877095,0.0251396648044693,0.0363128491620112,0.0558659217877095,0.0502793296089385,0.0502793296089385,0.0223463687150838,0.0391061452513966,0.053072625698324,'Negative'
0.0683229813664596,0.0317460317460317,0.0676328502415459,0.0489993098688751,0.00138026224982747,0.0641821946169772,0.0993788819875776,0.0717736369910283,0.0110420979986197,0.0372670807453416,0.064872325741891,0.0662525879917184,0.0172532781228433,0.0317460317460317,0.0973084886128364,0.0979986197377502,0.0614216701173223,0.00690131124913734,0.0144927536231884,0.0400276052449966,'Negative'
0.12,0.05,0.0666666666666667,0.0366666666666667,0.005,0.055,0.0633333333333333,0.0866666666666667,0.0266666666666667,0.0283333333333333,0.0566666666666667,0.0516666666666667,0.0216666666666667,0.0266666666666667,0.0883333333333333,0.0833333333333333,0.065,0.00166666666666667,0.015,0.0516666666666667,'Negative'
0.0413223140495868,0.0247933884297521,0.0413223140495868,0.0413223140495868,0,0.0909090909090909,0.0413223140495868,0.0826446280991736,0.0247933884297521,0.0743801652892562,0.107438016528926,0.0165289256198347,0.0165289256198347,0.0330578512396694,0.0578512396694215,0.115702479338843,0.0826446280991736,0.00826446280991736,0.0247933884297521,0.0743801652892562,'Negative'
0.0766550522648084,0.0174216027874564,0.0557491289198606,0.0836236933797909,0.00348432055749129,0.0662020905923345,0.024390243902439,0.0557491289198606,0.0209059233449477,0.0940766550522648,0.0627177700348432,0.104529616724739,0.0104529616724739,0.0383275261324042,0.0662020905923345,0.0452961672473868,0.0662020905923345,0.0209059233449477,0.0383275261324042,0.0487804878048781,'Negative'
0.0685224839400428,0.012847965738758,0.0578158458244111,0.0620985010706638,0.0256959314775161,0.0406852248394004,0.0214132762312634,0.0663811563169165,0.012847965738758,0.0406852248394004,0.0492505353319058,0.0471092077087794,0.012847965738758,0.0235546038543897,0.0278372591006424,0.184154175588865,0.100642398286938,0.0214132762312634,0.0535331905781585,0.0706638115631692,'Negative'
