"A","R","N","D","C","E","Q","G","H","I","L","K","M","F","P","S","T","W","Y","V"
0.0949720670391061,0.0502793296089385,0.0446927374301676,0.0670391061452514,0.0195530726256983,0.0558659217877095,0.0279329608938547,0.0977653631284916,0.0251396648044693,0.053072625698324,0.0726256983240224,0.058659217877095,0.0251396648044693,0.0363128491620112,0.0558659217877095,0.0502793296089385,0.0502793296089385,0.0223463687150838,0.0391061452513966,0.053072625698324
0.0683229813664596,0.0317460317460317,0.0676328502415459,0.0489993098688751,0.00138026224982747,0.0641821946169772,0.0993788819875776,0.0717736369910283,0.0110420979986197,0.0372670807453416,0.064872325741891,0.0662525879917184,0.0172532781228433,0.0317460317460317,0.0973084886128364,0.0979986197377502,0.0614216701173223,0.00690131124913734,0.0144927536231884,0.0400276052449966
0.12,0.05,0.0666666666666667,0.0366666666666667,0.005,0.055,0.0633333333333333,0.0866666666666667,0.0266666666666667,0.0283333333333333,0.0566666666666667,0.0516666666666667,0.0216666666666667,0.0266666666666667,0.0883333333333333,0.0833333333333333,0.065,0.00166666666666667,0.015,0.0516666666666667
0.0413223140495868,0.0247933884297521,0.0413223140495868,0.0413223140495868,0,0.0909090909090909,0.0413223140495868,0.0826446280991736,0.0247933884297521,0.0743801652892562,0.107438016528926,0.0165289256198347,0.0165289256198347,0.0330578512396694,0.0578512396694215,0.115702479338843,0.0826446280991736,0.00826446280991736,0.0247933884297521,0.0743801652892562
0.0766550522648084,0.0174216027874564,0.0557491289198606,0.0836236933797909,0.00348432055749129,0.0662020905923345,0.024390243902439,0.0557491289198606,0.0209059233449477,0.0940766550522648,0.0627177700348432,0.104529616724739,0.0104529616724739,0.0383275261324042,0.0662020905923345,0.0452961672473868,0.0662020905923345,0.0209059233449477,0.0383275261324042,0.0487804878048781
0.0685224839400428,0.012847965738758,0.0578158458244111,0.0620985010706638,0.0256959314775161,0.0406852248394004,0.0214132762312634,0.0663811563169165,0.012847965738758,0.0406852248394004,0.0492505353319058,0.0471092077087794,0.012847965738758,0.0235546038543897,0.0278372591006424,0.184154175588865,0.100642398286938,0.0214132762312634,0.0535331905781585,0.0706638115631692
0.0849315068493151,0.0438356164383562,0.104109589041096,0.0356164383561644,0.00365296803652968,0.0401826484018265,0.123287671232877,0.0465753424657534,0.00821917808219178,0.045662100456621,0.063013698630137,0.073972602739726,0.0465753424657534,0.0200913242009132,0.0502283105022831,0.0949771689497717,0.0584474885844749,0.0045662100456621,0.010958904109589,0.0410958904109589
0.0655737704918033,0.0191256830601093,0.046448087431694,0.0491803278688525,0,0.117486338797814,0.0382513661202186,0.0683060109289618,0.00546448087431694,0.0437158469945355,0.0546448087431694,0.136612021857924,0.00546448087431694,0.0382513661202186,0.0628415300546448,0.0819672131147541,0.0819672131147541,0.00819672131147541,0.0163934426229508,0.0601092896174863
0.0618181818181818,0.0545454545454545,0.0472727272727273,0.0618181818181818,0.0109090909090909,0.0690909090909091,0.0618181818181818,0.0363636363636364,0.0181818181818182,0.0545454545454545,0.0872727272727273,0.112727272727273,0.0218181818181818,0.0363636363636364,0.0436363636363636,0.101818181818182,0.0472727272727273,0.0109090909090909,0.0290909090909091,0.0327272727272727
0.05,0.058,0.056,0.042,0.01,0.06,0.034,0.072,0.024,0.042,0.096,0.064,0.028,0.066,0.044,0.086,0.052,0.016,0.026,0.074
0.0672823218997362,0.029023746701847,0.110817941952507,0.0369393139841689,0.0211081794195251,0.0395778364116095,0.0514511873350923,0.0303430079155673,0.0263852242744063,0.0593667546174142,0.113456464379947,0.0659630606860158,0.0211081794195251,0.0356200527704486,0.0408970976253298,0.109498680738786,0.0554089709762533,0.00659630606860158,0.0474934036939314,0.0316622691292876
0.0388349514563107,0.0339805825242718,0.058252427184466,0.0825242718446602,0.0194174757281553,0.058252427184466,0.0436893203883495,0.0728155339805825,0.00485436893203883,0.0533980582524272,0.0970873786407767,0.087378640776699,0.0242718446601942,0.0388349514563107,0.00485436893203883,0.0728155339805825,0.087378640776699,0.00970873786407767,0.0436893203883495,0.0679611650485437
0.0615384615384615,0.0461538461538462,0.0615384615384615,0,0,0.0461538461538462,0.0461538461538462,0.0923076923076923,0,0.0615384615384615,0.138461538461538,0.153846153846154,0.0153846153846154,0.0307692307692308,0.0307692307692308,0.0307692307692308,0.0615384615384615,0.0153846153846154,0.0461538461538462,0.0615384615384615
0.0771470160116448,0.0669577874818049,0.0451237263464338,0.0698689956331878,0.0160116448326055,0.0422125181950509,0.0524017467248908,0.0480349344978166,0.0276564774381368,0.0465793304221252,0.0975254730713246,0.0378457059679767,0.0131004366812227,0.0480349344978166,0.0436681222707424,0.0815138282387191,0.0756914119359534,0.0145560407569141,0.0393013100436681,0.0567685589519651
0.11142061281337,0.0222841225626741,0.0417827298050139,0.0612813370473538,0.00835654596100279,0.0668523676880223,0.0306406685236769,0.0835654596100279,0.0306406685236769,0.0612813370473538,0.064066852367688,0.0807799442896936,0.0194986072423398,0.0417827298050139,0.0473537604456825,0.0501392757660167,0.0557103064066852,0.00835654596100279,0.0445682451253482,0.0696378830083565
0.0273972602739726,0.0136986301369863,0.0273972602739726,0.0547945205479452,0.0273972602739726,0.0684931506849315,0.0410958904109589,0.0547945205479452,0.0136986301369863,0.0684931506849315,0.0958904109589041,0.136986301369863,0.0273972602739726,0.0273972602739726,0.0273972602739726,0.0684931506849315,0.0684931506849315,0,0.0410958904109589,0.10958904109589
0.0823170731707317,0.0274390243902439,0.0716463414634146,0.0457317073170732,0.00609756097560976,0.0518292682926829,0.0807926829268293,0.0564024390243902,0.0198170731707317,0.0472560975609756,0.0579268292682927,0.0594512195121951,0.024390243902439,0.0457317073170732,0.0564024390243902,0.0884146341463415,0.0853658536585366,0.00609756097560976,0.0472560975609756,0.0396341463414634
0.0658682634730539,0.0179640718562874,0.0538922155688623,0.107784431137725,0.00598802395209581,0.0838323353293413,0.0119760479041916,0.0778443113772455,0.0119760479041916,0.0419161676646707,0.0479041916167665,0.0718562874251497,0.0419161676646707,0.0479041916167665,0.0239520958083832,0.0598802395209581,0.0538922155688623,0.0119760479041916,0.0538922155688623,0.107784431137725
0.0213903743315508,0.0481283422459893,0.235294117647059,0.0267379679144385,0,0.0481283422459893,0.0641711229946524,0.0588235294117647,0.0160427807486631,0.0802139037433155,0.0588235294117647,0.053475935828877,0.0213903743315508,0.0213903743315508,0.0213903743315508,0.117647058823529,0.0267379679144385,0.0053475935828877,0.0427807486631016,0.0320855614973262
0.0441558441558442,0.0173160173160173,0.0883116883116883,0.0493506493506494,0.0155844155844156,0.0380952380952381,0.0354978354978355,0.058008658008658,0.012987012987013,0.070995670995671,0.0770562770562771,0.0294372294372294,0.0147186147186147,0.0744588744588745,0.0294372294372294,0.16017316017316,0.0571428571428571,0.0121212121212121,0.0571428571428571,0.058008658008658
0.0954879328436516,0.0167890870933893,0.0587618048268625,0.0629590766002099,0.00524658971668416,0.0587618048268625,0.0304302203567681,0.0577124868835257,0.0220356768100735,0.0514165792235047,0.0786988457502623,0.0912906610703043,0.00629590766002099,0.0367261280167891,0.0577124868835257,0.102833158447009,0.0692549842602309,0.0178384050367261,0.0209863588667366,0.0587618048268625
0.0493421052631579,0.0164473684210526,0.0888157894736842,0.0888157894736842,0,0.138157894736842,0.0296052631578947,0.0625,0.0230263157894737,0.0296052631578947,0.0427631578947368,0.0888157894736842,0.0131578947368421,0.0427631578947368,0.0460526315789474,0.0822368421052632,0.0756578947368421,0.0164473684210526,0.0197368421052632,0.0460526315789474
0.037037037037037,0.0211640211640212,0.0529100529100529,0.0582010582010582,0.037037037037037,0.0211640211640212,0.0264550264550265,0.0634920634920635,0.037037037037037,0.0423280423280423,0.116402116402116,0.0582010582010582,0.0634920634920635,0.037037037037037,0.0158730158730159,0.105820105820106,0.0582010582010582,0.037037037037037,0.0529100529100529,0.0582010582010582
0.0437710437710438,0.0235690235690236,0.0471380471380471,0.0505050505050505,0.0774410774410774,0.0774410774410774,0.037037037037037,0.063973063973064,0.00673400673400673,0.0606060606060606,0.0774410774410774,0.101010101010101,0.00673400673400673,0.0202020202020202,0.0336700336700337,0.138047138047138,0.0572390572390572,0.0134680134680135,0.0134680134680135,0.0505050505050505
0.0813648293963255,0.047244094488189,0.068241469816273,0.05249343832021,0.005249343832021,0.0918635170603675,0.0183727034120735,0.062992125984252,0.020997375328084,0.102362204724409,0.0656167979002625,0.078740157480315,0.0078740157480315,0.0341207349081365,0.041994750656168,0.089238845144357,0.057742782152231,0,0.015748031496063,0.057742782152231
0.114226375908619,0.023883696780893,0.0695742471443406,0.0280373831775701,0,0.039460020768432,0.0477673935617861,0.0737279335410177,0.019730010384216,0.0280373831775701,0.0353063343717549,0.0654205607476635,0.0176531671858775,0.0269989615784008,0.0893042575285566,0.156801661474559,0.0820353063343718,0.00415368639667705,0.0290758047767394,0.0488058151609553
0.0761904761904762,0.0285714285714286,0.0380952380952381,0.019047619047619,0,0.0476190476190476,0.0380952380952381,0.0857142857142857,0,0.0666666666666667,0.123809523809524,0.114285714285714,0.019047619047619,0.019047619047619,0.019047619047619,0.0952380952380952,0.0666666666666667,0,0.0571428571428571,0.0857142857142857
0.0566037735849057,0.0361635220125786,0.0754716981132075,0.0754716981132075,0.0172955974842767,0.0676100628930818,0.0377358490566038,0.0393081761006289,0.0110062893081761,0.0959119496855346,0.0927672955974843,0.0738993710691824,0.0141509433962264,0.0424528301886792,0.050314465408805,0.0786163522012579,0.0628930817610063,0.00628930817610063,0.0188679245283019,0.0471698113207547
0.0418848167539267,0.0641361256544503,0.087696335078534,0.0641361256544503,0.00654450261780105,0.0602094240837696,0.0327225130890052,0.0431937172774869,0.0261780104712042,0.0706806282722513,0.0824607329842932,0.0732984293193717,0.024869109947644,0.0340314136125654,0.0458115183246073,0.112565445026178,0.0510471204188482,0.00392670157068063,0.031413612565445,0.0431937172774869
0.0631578947368421,0.0273684210526316,0.122105263157895,0.0357894736842105,0.00842105263157895,0.0252631578947368,0.0884210526315789,0.0568421052631579,0.00421052631578947,0.0378947368421053,0.0336842105263158,0.04,0.0189473684210526,0.0778947368421053,0.0926315789473684,0.130526315789474,0.0610526315789474,0.00842105263157895,0.0147368421052632,0.0526315789473684
0.0574712643678161,0.0842911877394636,0.0383141762452107,0.0689655172413793,0.00383141762452107,0.0344827586206897,0.0191570881226054,0.0919540229885057,0.0383141762452107,0.0613026819923372,0.0957854406130268,0.103448275862069,0.0114942528735632,0.0344827586206897,0.0459770114942529,0.0306513409961686,0.053639846743295,0.00383141762452107,0.0344827586206897,0.0881226053639847
0.0511836212412028,0.00383877159309021,0.0249520153550864,0.0159948816378759,0.00127959053103007,0.0473448496481126,0.0243122200895713,0.0978886756238004,0.00575815738963532,0.0307101727447217,0.0249520153550864,0.00319897632757518,0.00319897632757518,0.00767754318618042,0.0607805502239283,0.0748560460652591,0.364043506078055,0.00191938579654511,0.0447856685860525,0.111324376199616
0.0431654676258993,0.0575539568345324,0.0575539568345324,0.0827338129496403,0.00359712230215827,0.111510791366906,0.0323741007194245,0.0323741007194245,0.0107913669064748,0.0539568345323741,0.111510791366906,0.10431654676259,0.0143884892086331,0.0503597122302158,0.0251798561151079,0.0611510791366906,0.0359712230215827,0.0323741007194245,0.0359712230215827,0.0431654676258993
0.0483870967741935,0.00806451612903226,0.0846774193548387,0.0241935483870968,0.00806451612903226,0.0161290322580645,0.0362903225806452,0.092741935483871,0.0241935483870968,0.0685483870967742,0.149193548387097,0.0201612903225806,0.0241935483870968,0.0887096774193548,0.0524193548387097,0.0887096774193548,0.0604838709677419,0.00806451612903226,0.0362903225806452,0.0604838709677419
0.0795454545454545,0.0303030303030303,0.0416666666666667,0.0416666666666667,0.00757575757575758,0.0492424242424242,0.0340909090909091,0.0643939393939394,0.0113636363636364,0.0303030303030303,0.117424242424242,0.0303030303030303,0.0189393939393939,0.0265151515151515,0.0757575757575758,0.106060606060606,0.0946969696969697,0.0189393939393939,0.0643939393939394,0.0568181818181818
0.0903225806451613,0.0548387096774194,0.0435483870967742,0.0467741935483871,0.00483870967741936,0.0435483870967742,0.0370967741935484,0.0741935483870968,0.0209677419354839,0.0516129032258065,0.0645161290322581,0.0435483870967742,0.0193548387096774,0.0370967741935484,0.112903225806452,0.117741935483871,0.0483870967741935,0.00967741935483871,0.0209677419354839,0.0580645161290323
0.105398457583548,0.0334190231362468,0.0437017994858612,0.025706940874036,0.0025706940874036,0.0488431876606684,0.0308483290488432,0.0591259640102828,0.025706940874036,0.06426735218509,0.113110539845758,0.0719794344473008,0.0102827763496144,0.038560411311054,0.0437017994858612,0.077120822622108,0.0694087403598972,0.012853470437018,0.0334190231362468,0.089974293059126
0.129363449691992,0.00410677618069815,0.0246406570841889,0.026694045174538,0.0102669404517454,0.0492813141683778,0.0184804928131417,0.0225872689938398,0.00205338809034908,0.0328542094455852,0.0390143737166324,0.0205338809034908,0.0164271047227926,0.00616016427104723,0.0369609856262834,0.305954825462012,0.106776180698152,0.00205338809034908,0.0225872689938398,0.123203285420945
0.0840336134453782,0.0672268907563025,0.046218487394958,0.0336134453781513,0.00840336134453781,0.0672268907563025,0.0504201680672269,0.0252100840336134,0.0294117647058824,0.0420168067226891,0.130252100840336,0.0882352941176471,0.0294117647058824,0.0168067226890756,0.0504201680672269,0.0882352941176471,0.046218487394958,0.00840336134453781,0.0210084033613445,0.0672268907563025
0.124183006535948,0.0718954248366013,0.065359477124183,0.0261437908496732,0,0.0457516339869281,0.0588235294117647,0.0457516339869281,0.0196078431372549,0.0392156862745098,0.0588235294117647,0.111111111111111,0.0196078431372549,0.0065359477124183,0.0392156862745098,0.0849673202614379,0.117647058823529,0.0065359477124183,0.0261437908496732,0.0326797385620915
0.0369458128078818,0.0221674876847291,0.0221674876847291,0.100985221674877,0,0.0985221674876847,0.00738916256157635,0.041871921182266,0.00246305418719212,0.0147783251231527,0.0147783251231527,0.0689655172413793,0.00492610837438424,0.00985221674876847,0.0123152709359606,0.482758620689655,0.0344827586206897,0.00492610837438424,0.00738916256157635,0.0123152709359606
0.0646766169154229,0.0398009950248756,0.0497512437810945,0.0348258706467662,0.00995024875621891,0.0248756218905473,0.0248756218905473,0.0597014925373134,0.0248756218905473,0.0597014925373134,0.119402985074627,0.0398009950248756,0.00995024875621891,0.0895522388059701,0.0497512437810945,0.0895522388059701,0.0646766169154229,0.0348258706467662,0.0497512437810945,0.0597014925373134
0.0492610837438424,0.113300492610837,0.0591133004926108,0.0738916256157636,0.00492610837438424,0.0935960591133005,0.0246305418719212,0.0492610837438424,0.0394088669950739,0.0591133004926108,0.0541871921182266,0.0886699507389163,0.0197044334975369,0.0295566502463054,0.0591133004926108,0.0738916256157636,0.0344827586206897,0,0.0394088669950739,0.0344827586206897
0.0552884615384615,0.0456730769230769,0.0649038461538462,0.0504807692307692,0.0120192307692308,0.0408653846153846,0.0408653846153846,0.0721153846153846,0.00721153846153846,0.0721153846153846,0.108173076923077,0.0504807692307692,0.0168269230769231,0.0576923076923077,0.0288461538461538,0.105769230769231,0.0769230769230769,0.00240384615384615,0.0216346153846154,0.0697115384615385
0.100178890876565,0.0178890876565295,0.0769230769230769,0.0715563506261181,0.0250447227191413,0.0393559928443649,0.0125223613595707,0.0679785330948122,0.00178890876565295,0.0411449016100179,0.0483005366726297,0.0518783542039356,0.0161001788908766,0.0465116279069767,0.0250447227191413,0.146690518783542,0.0805008944543828,0.00894454382826476,0.0536672629695885,0.0679785330948122
0.0317460317460317,0.0476190476190476,0.134920634920635,0.0396825396825397,0.0396825396825397,0.0396825396825397,0.0238095238095238,0.0555555555555556,0.0238095238095238,0.0952380952380952,0.0873015873015873,0.0793650793650794,0.00793650793650794,0.0714285714285714,0,0.126984126984127,0.0873015873015873,0,0.00793650793650794,0
0.0785562632696391,0.0339702760084926,0.0679405520169851,0.0828025477707006,0.0212314225053079,0.0360934182590234,0.029723991507431,0.0955414012738854,0.0191082802547771,0.0467091295116773,0.0806794055201698,0.0424628450106157,0.0276008492569002,0.0445859872611465,0.0360934182590234,0.0849256900212314,0.0488322717622081,0.0254777070063694,0.0530785562632696,0.0445859872611465
0.0701492537313433,0.0507462686567164,0.0462686567164179,0.0343283582089552,0.00298507462686567,0.0492537313432836,0.0582089552238806,0.0776119402985075,0.0402985074626866,0.0373134328358209,0.0552238805970149,0.026865671641791,0.0313432835820895,0.0194029850746269,0.113432835820896,0.12089552238806,0.0671641791044776,0.0104477611940299,0.0432835820895522,0.0447761194029851
0.0854700854700855,0.0512820512820513,0.047008547008547,0.0598290598290598,0.0128205128205128,0.0512820512820513,0.0427350427350427,0.0897435897435897,0.0170940170940171,0.0598290598290598,0.111111111111111,0.0598290598290598,0.00854700854700855,0.0299145299145299,0.0256410256410256,0.0726495726495727,0.0598290598290598,0,0.0512820512820513,0.0641025641025641
0.0540540540540541,0.021021021021021,0.0810810810810811,0.0630630630630631,0.0105105105105105,0.0465465465465465,0.0975975975975976,0.039039039039039,0.0510510510510511,0.033033033033033,0.0645645645645646,0.0690690690690691,0.0135135135135135,0.0285285285285285,0.0660660660660661,0.105105105105105,0.0630630630630631,0.003003003003003,0.0510510510510511,0.039039039039039
0.043613707165109,0.0155763239875389,0.0560747663551402,0.059190031152648,0.0186915887850467,0.0903426791277259,0.0342679127725857,0.043613707165109,0.0249221183800623,0.0529595015576324,0.11214953271028,0.0809968847352025,0.0311526479750779,0.0529595015576324,0.0716510903426791,0.0654205607476635,0.0716510903426791,0.00623052959501558,0.0342679127725857,0.0342679127725857
0.0342741935483871,0.03125,0.0625,0.0957661290322581,0.0120967741935484,0.0705645161290323,0.030241935483871,0.0443548387096774,0.0221774193548387,0.0957661290322581,0.0977822580645161,0.0745967741935484,0.0181451612903226,0.0493951612903226,0.03125,0.0877016129032258,0.0534274193548387,0.0120967741935484,0.03125,0.0453629032258065
0.0447214076246334,0.0432551319648094,0.0542521994134897,0.0557184750733138,0.0119745845552297,0.0772238514173998,0.0417888563049853,0.0366568914956012,0.0202834799608993,0.0755131964809384,0.121945259042033,0.0752688172043011,0.022238514173998,0.0532746823069404,0.0273704789833822,0.0791788856304985,0.0547409579667644,0.0129521016617791,0.0293255131964809,0.062316715542522
0.043010752688172,0.039426523297491,0.0645161290322581,0.0860215053763441,0.003584229390681,0.0860215053763441,0.03584229390681,0.021505376344086,0.010752688172043,0.0573476702508961,0.129032258064516,0.0645161290322581,0.017921146953405,0.03584229390681,0.00716845878136201,0.121863799283154,0.0931899641577061,0.00716845878136201,0.032258064516129,0.043010752688172
0.0711805555555556,0.0555555555555556,0.0451388888888889,0.046875,0.00868055555555556,0.0590277777777778,0.0399305555555556,0.0711805555555556,0.03125,0.0590277777777778,0.0954861111111111,0.0590277777777778,0.0173611111111111,0.0399305555555556,0.046875,0.0694444444444444,0.0520833333333333,0.00173611111111111,0.0347222222222222,0.0954861111111111
0.0805860805860806,0.0457875457875458,0.0457875457875458,0.0421245421245421,0.010989010989011,0.0512820512820513,0.0384615384615385,0.0677655677655678,0.0238095238095238,0.0586080586080586,0.0659340659340659,0.0402930402930403,0.0293040293040293,0.0402930402930403,0.0695970695970696,0.0750915750915751,0.100732600732601,0.0183150183150183,0.0366300366300366,0.0586080586080586
0.0568592057761733,0.0514440433212996,0.0785198555956679,0.0469314079422383,0.00541516245487365,0.0622743682310469,0.0875451263537906,0.0532490974729242,0.0234657039711191,0.046028880866426,0.0731046931407942,0.0577617328519856,0.0279783393501805,0.0306859205776173,0.0415162454873646,0.123646209386282,0.0541516245487365,0.000902527075812274,0.0324909747292419,0.046028880866426
0.0176991150442478,0.079646017699115,0.079646017699115,0.00884955752212389,0.0442477876106195,0.0176991150442478,0.0353982300884956,0.0265486725663717,0.0353982300884956,0.0530973451327434,0.176991150442478,0.0530973451327434,0.0176991150442478,0.0884955752212389,0.0442477876106195,0.0884955752212389,0.0265486725663717,0.00884955752212389,0.0265486725663717,0.0707964601769911
0.0980392156862745,0.0231729055258467,0.0516934046345811,0.0481283422459893,0.0017825311942959,0.0641711229946524,0.0267379679144385,0.0855614973262032,0.0374331550802139,0.0499108734402852,0.0855614973262032,0.0695187165775401,0.0213903743315508,0.0588235294117647,0.0338680926916221,0.0677361853832442,0.0695187165775401,0.0142602495543672,0.0267379679144385,0.0659536541889483
0.0565493364108482,0.0478938257357184,0.0409694171956145,0.0588574725908829,0.0121177149451818,0.0675129832660127,0.0380842469705713,0.0663589151759954,0.0201961915753029,0.0559723023658396,0.0825158684362377,0.053664166185805,0.0253894979803808,0.033467974610502,0.0715522215810733,0.0940565493364108,0.0663589151759954,0.00750144258511252,0.033467974610502,0.0675129832660127
0.0303030303030303,0.0505050505050505,0.0505050505050505,0.0404040404040404,0.0606060606060606,0.0101010101010101,0.0606060606060606,0.0505050505050505,0.0202020202020202,0.0909090909090909,0.121212121212121,0.0606060606060606,0.0303030303030303,0.0808080808080808,0.0202020202020202,0.0404040404040404,0.0606060606060606,0.0202020202020202,0.0404040404040404,0.0606060606060606
0.108333333333333,0.0916666666666667,0.00833333333333333,0.0166666666666667,0.00833333333333333,0.0666666666666667,0.0916666666666667,0.0166666666666667,0,0.0416666666666667,0.108333333333333,0.183333333333333,0.00833333333333333,0.0166666666666667,0.0333333333333333,0.05,0.05,0,0.0333333333333333,0.0666666666666667
0.0420650095602294,0.0248565965583174,0.0994263862332696,0.0458891013384321,0.00191204588910134,0.0210325047801147,0.0822179732313576,0.0382409177820268,0.0305927342256214,0.0554493307839388,0.0917782026768642,0.0497131931166348,0.0267686424474187,0.0229445506692161,0.0822179732313576,0.162523900573614,0.0630975143403442,0.00764818355640535,0.0267686424474187,0.0248565965583174
0.0488431876606684,0.0629820051413882,0.0347043701799486,0.0616966580976864,0.0167095115681234,0.0912596401028278,0.0347043701799486,0.0424164524421594,0.0179948586118252,0.0732647814910026,0.104113110539846,0.06426735218509,0.0334190231362468,0.0424164524421594,0.0411311053984576,0.0694087403598972,0.0539845758354756,0.0051413881748072,0.0424164524421594,0.0591259640102828
0.0645161290322581,0.025089605734767,0.0519713261648745,0.043010752688172,0.021505376344086,0.0591397849462366,0.0537634408602151,0.046594982078853,0.021505376344086,0.0609318996415771,0.103942652329749,0.0609318996415771,0.017921146953405,0.043010752688172,0.0537634408602151,0.0842293906810036,0.0681003584229391,0.00537634408602151,0.043010752688172,0.0716845878136201
0.0673952641165756,0.0309653916211293,0.063752276867031,0.0673952641165756,0.00364298724954463,0.0400728597449909,0.0473588342440801,0.0728597449908925,0.0255009107468124,0.0673952641165756,0.0965391621129326,0.0327868852459016,0.0182149362477231,0.0564663023679417,0.0400728597449909,0.087431693989071,0.058287795992714,0.0236794171220401,0.0437158469945355,0.0564663023679417
0.064804469273743,0.0312849162011173,0.0279329608938547,0.0368715083798883,0.0122905027932961,0.0435754189944134,0.0301675977653631,0.0536312849162011,0.00558659217877095,0.046927374301676,0.0502793296089385,0.0357541899441341,0.0145251396648045,0.0312849162011173,0.0860335195530726,0.15195530726257,0.177653631284916,0.00893854748603352,0.0256983240223464,0.064804469273743
0.0711586901763224,0.033375314861461,0.0447103274559194,0.051007556675063,0.0144836272040302,0.0692695214105793,0.0277078085642317,0.0711586901763224,0.0239294710327456,0.0667506297229219,0.0919395465994962,0.0705289672544081,0.0195214105793451,0.0384130982367758,0.0434508816120907,0.0730478589420655,0.0680100755667506,0.0107052896725441,0.0283375314861461,0.0824937027707809
0.0591133004926108,0.0394088669950739,0.0591133004926108,0.0689655172413793,0.0197044334975369,0.0541871921182266,0.0295566502463054,0.0788177339901478,0.00985221674876847,0.0591133004926108,0.0738916256157636,0.0689655172413793,0.0246305418719212,0.0394088669950739,0.0147783251231527,0.0886699507389163,0.0788177339901478,0.00985221674876847,0.0443349753694581,0.0788177339901478
0.0658761528326746,0.0513833992094862,0.0434782608695652,0.0474308300395257,0.0118577075098814,0.08300395256917,0.0276679841897233,0.0487483530961792,0.0250329380764163,0.072463768115942,0.0856389986824769,0.077733860342556,0.0250329380764163,0.0487483530961792,0.0474308300395257,0.0869565217391304,0.0487483530961792,0.00527009222661397,0.0316205533596838,0.0658761528326746
0.0320404721753794,0.0505902192242833,0.11973018549747,0.0691399662731872,0,0.0522765598650927,0.0337268128161889,0.104553119730185,0.0269814502529511,0.0354131534569983,0.0505902192242833,0.0775716694772344,0.0168634064080944,0.0489038785834739,0.0438448566610455,0.107925801011804,0.0725126475548061,0.00505902192242833,0.0286677908937605,0.0236087689713322
0.0323325635103926,0.0277136258660508,0.0739030023094688,0.0415704387990762,0.0023094688221709,0.0392609699769053,0.145496535796767,0.0577367205542725,0.0184757505773672,0.0415704387990762,0.10161662817552,0.0392609699769053,0.0392609699769053,0.0577367205542725,0.0623556581986143,0.0762124711316397,0.0415704387990762,0.0115473441108545,0.0346420323325635,0.0554272517321016
0.055045871559633,0.0470183486238532,0.0688073394495413,0.0493119266055046,0.00802752293577982,0.0561926605504587,0.0389908256880734,0.0481651376146789,0.0229357798165138,0.0458715596330275,0.073394495412844,0.0401376146788991,0.0172018348623853,0.0470183486238532,0.0722477064220183,0.13302752293578,0.0802752293577982,0.00114678899082569,0.0355504587155963,0.0596330275229358
0.04,0.04,0.0333333333333333,0.0533333333333333,0.04,0.1,0.0533333333333333,0.0666666666666667,0.0133333333333333,0.0133333333333333,0.0666666666666667,0.146666666666667,0.02,0.0333333333333333,0.0266666666666667,0.0733333333333333,0.0666666666666667,0.0266666666666667,0.0266666666666667,0.06
0.0387596899224806,0.0697674418604651,0.0465116279069767,0.0426356589147287,0,0.062015503875969,0.0271317829457364,0.0658914728682171,0.0116279069767442,0.0697674418604651,0.0813953488372093,0.151162790697674,0.0193798449612403,0.0465116279069767,0.0503875968992248,0.062015503875969,0.0426356589147287,0.0155038759689922,0.0426356589147287,0.0542635658914729
0.0517503805175038,0.0471841704718417,0.0943683409436834,0.0624048706240487,0.0106544901065449,0.0441400304414003,0.111111111111111,0.0669710806697108,0.0273972602739726,0.0365296803652968,0.0578386605783866,0.076103500761035,0.0182648401826484,0.0182648401826484,0.0471841704718417,0.10806697108067,0.0563165905631659,0.0015220700152207,0.0228310502283105,0.0410958904109589
0.0751533742331288,0.0582822085889571,0.0874233128834356,0.049079754601227,0,0.0598159509202454,0.0690184049079755,0.0628834355828221,0.0306748466257669,0.0383435582822086,0.0383435582822086,0.0582822085889571,0.0168711656441718,0.0276073619631902,0.0582822085889571,0.104294478527607,0.0843558282208589,0,0.0214723926380368,0.0598159509202454
0.0469208211143695,0.06158357771261,0.06158357771261,0.0263929618768328,0.0146627565982405,0.0175953079178886,0.0381231671554252,0.093841642228739,0.0117302052785924,0.0733137829912024,0.0850439882697947,0.0175953079178886,0.0263929618768328,0.0586510263929619,0.0557184750733138,0.0879765395894428,0.0967741935483871,0.0263929618768328,0.0498533724340176,0.0498533724340176
0.0397727272727273,0.0397727272727273,0.149621212121212,0.0511363636363636,0.00568181818181818,0.0378787878787879,0.0625,0.0568181818181818,0.0246212121212121,0.0606060606060606,0.0568181818181818,0.0511363636363636,0.0151515151515152,0.0435606060606061,0.053030303030303,0.119318181818182,0.0681818181818182,0.00946969696969697,0.0208333333333333,0.0340909090909091
0.0586510263929619,0.0263929618768328,0.0967741935483871,0.0733137829912024,0,0.149560117302053,0.0645161290322581,0.0439882697947214,0.00293255131964809,0.0410557184750733,0.0557184750733138,0.108504398826979,0.0205278592375367,0.0175953079178886,0.0234604105571848,0.0733137829912024,0.0879765395894428,0.00879765395894428,0,0.0469208211143695
0.0809061488673139,0.0679611650485437,0.0420711974110032,0.0420711974110032,0.0194174757281553,0.0744336569579288,0.0388349514563107,0.0420711974110032,0.0323624595469256,0.0517799352750809,0.110032362459547,0.0323624595469256,0.0226537216828479,0.0194174757281553,0.0550161812297735,0.100323624595469,0.0647249190938511,0.00323624595469256,0.0161812297734628,0.0841423948220065
0.0749506903353057,0.0118343195266272,0.029585798816568,0.0611439842209073,0.00394477317554241,0.0374753451676529,0.029585798816568,0.0631163708086785,0.00591715976331361,0.0374753451676529,0.0591715976331361,0.0453648915187377,0.0157790927021696,0.029585798816568,0.0256410256410256,0.242603550295858,0.118343195266272,0.0138067061143984,0.0355029585798817,0.0591715976331361
0.0405797101449275,0.0434782608695652,0.0550724637681159,0.063768115942029,0.00289855072463768,0.133333333333333,0.0173913043478261,0.0492753623188406,0.00579710144927536,0.0405797101449275,0.0521739130434783,0.289855072463768,0.0231884057971014,0.0144927536231884,0.0144927536231884,0.063768115942029,0.0318840579710145,0.0115942028985507,0.00579710144927536,0.0405797101449275
0.188679245283019,0,0.0471698113207547,0.0754716981132075,0,0.141509433962264,0.00943396226415094,0.0943396226415094,0,0.0471698113207547,0.10377358490566,0.0471698113207547,0.0188679245283019,0.0377358490566038,0.0188679245283019,0.0754716981132075,0.0283018867924528,0.00943396226415094,0.00943396226415094,0.0471698113207547
0.1,0.04,0.0733333333333333,0.04,0,0.0466666666666667,0.02,0.0733333333333333,0.0266666666666667,0.08,0.08,0.0533333333333333,0.00666666666666667,0.0666666666666667,0.0666666666666667,0.0733333333333333,0.0533333333333333,0.00666666666666667,0.0333333333333333,0.06
0.0930232558139535,0.0651162790697674,0.0438538205980066,0.0677740863787375,0.013953488372093,0.0418604651162791,0.0345514950166113,0.0504983388704319,0.026578073089701,0.0445182724252492,0.0744186046511628,0.0445182724252492,0.027906976744186,0.0438538205980066,0.0431893687707641,0.0664451827242525,0.06578073089701,0.0199335548172757,0.0491694352159468,0.0830564784053156
0.0688336520076482,0.0439770554493308,0.0554493307839388,0.0497131931166348,0.0152963671128107,0.0478011472275335,0.0401529636711281,0.101338432122371,0.0133843212237094,0.0554493307839388,0.0956022944550669,0.0650095602294455,0.0382409177820268,0.0344168260038241,0.0305927342256214,0.0745697896749522,0.0669216061185468,0.00191204588910134,0.0248565965583174,0.0764818355640535
0.0604026845637584,0.0302013422818792,0.0570469798657718,0.0503355704697987,0.00838926174496644,0.0352348993288591,0.0285234899328859,0.063758389261745,0.00671140939597315,0.0671140939597315,0.0939597315436242,0.0302013422818792,0.0184563758389262,0.0419463087248322,0.0402684563758389,0.151006711409396,0.0973154362416107,0.00838926174496644,0.0486577181208054,0.0620805369127517
0.0821917808219178,0.0616438356164384,0.0684931506849315,0.089041095890411,0.0136986301369863,0.0547945205479452,0.0410958904109589,0.0410958904109589,0,0.0410958904109589,0.10958904109589,0.0342465753424658,0.0205479452054795,0.0342465753424658,0.0342465753424658,0.0821917808219178,0.0616438356164384,0.00684931506849315,0.0616438356164384,0.0616438356164384
0.0451653944020356,0.0407124681933842,0.0626590330788804,0.0661577608142494,0.0066793893129771,0.0725190839694656,0.0413486005089059,0.0416666666666667,0.0181297709923664,0.0788804071246819,0.103053435114504,0.0737913486005089,0.0276717557251908,0.0435750636132316,0.0413486005089059,0.0938295165394402,0.0518447837150127,0.00986005089058524,0.0292620865139949,0.0518447837150127
0.0957746478873239,0.0507042253521127,0.0394366197183099,0.0225352112676056,0.00845070422535211,0.0225352112676056,0.0957746478873239,0.0873239436619718,0.0169014084507042,0.0140845070422535,0.0535211267605634,0.047887323943662,0.0422535211267606,0.0253521126760563,0.11830985915493,0.140845070422535,0.0366197183098592,0.0028169014084507,0.0225352112676056,0.0563380281690141
0.0988023952095808,0.0419161676646707,0.0808383233532934,0.0598802395209581,0,0.0389221556886228,0.0239520958083832,0.0838323353293413,0.0389221556886228,0.029940119760479,0.0538922155688623,0.029940119760479,0.029940119760479,0.0149700598802395,0.0718562874251497,0.134730538922156,0.0988023952095808,0,0.0239520958083832,0.0449101796407186
0.0603829160530191,0.0456553755522828,0.0780559646539028,0.04860088365243,0.00147275405007364,0.116347569955817,0.0515463917525773,0.0368188512518409,0.0132547864506627,0.04860088365243,0.110456553755523,0.106038291605302,0.0191458026509573,0.0191458026509573,0.01620029455081,0.0972017673048601,0.0515463917525773,0.00441826215022091,0.03240058910162,0.0427098674521355
0.184210526315789,0.0131578947368421,0.0131578947368421,0.105263157894737,0.0131578947368421,0.0657894736842105,0,0.0657894736842105,0.0394736842105263,0.0394736842105263,0.0789473684210526,0,0.0263157894736842,0.0526315789473684,0.0394736842105263,0.0921052631578947,0.105263157894737,0.0263157894736842,0,0.0394736842105263
0.0733197556008147,0.0488798370672098,0.0407331975560081,0.044806517311609,0.0264765784114053,0.065173116089613,0.0468431771894094,0.065173116089613,0.0183299389002037,0.0468431771894094,0.116089613034623,0.0631364562118126,0.0244399185336049,0.0285132382892057,0.0468431771894094,0.0936863543788187,0.0529531568228106,0.00814663951120163,0.0285132382892057,0.0610997963340122
0.0376344086021505,0.028673835125448,0.125448028673835,0.0501792114695341,0.00896057347670251,0.039426523297491,0.046594982078853,0.0609318996415771,0.010752688172043,0.0824372759856631,0.0788530465949821,0.0501792114695341,0.021505376344086,0.039426523297491,0.0412186379928315,0.139784946236559,0.0716845878136201,0,0.032258064516129,0.0340501792114695
0.0786026200873362,0.0240174672489083,0.0698689956331878,0.0655021834061135,0.0218340611353712,0.0414847161572052,0.037117903930131,0.104803493449782,0.0131004366812227,0.0567685589519651,0.0764192139737991,0.037117903930131,0.037117903930131,0.0414847161572052,0.0152838427947598,0.0567685589519651,0.0938864628820961,0.0283842794759825,0.0524017467248908,0.0480349344978166
0.075,0.0333333333333333,0.0555555555555556,0.0472222222222222,0.0222222222222222,0.0444444444444444,0.0416666666666667,0.0777777777777778,0.0166666666666667,0.0972222222222222,0.0638888888888889,0.0805555555555556,0.0194444444444444,0.0416666666666667,0.0388888888888889,0.075,0.0555555555555556,0.00555555555555556,0.0277777777777778,0.0805555555555556
0.0518867924528302,0.0471698113207547,0.0471698113207547,0.0566037735849057,0.0188679245283019,0.080188679245283,0.0424528301886792,0.0566037735849057,0.0283018867924528,0.0518867924528302,0.108490566037736,0.080188679245283,0.0141509433962264,0.0707547169811321,0.00943396226415094,0.0707547169811321,0.0660377358490566,0.00471698113207547,0.0283018867924528,0.0660377358490566
0.0424528301886792,0.0377358490566038,0.0471698113207547,0.0518867924528302,0.0188679245283019,0.108490566037736,0.0330188679245283,0.0613207547169811,0.00943396226415094,0.0943396226415094,0.080188679245283,0.0660377358490566,0.0188679245283019,0.0566037735849057,0.0613207547169811,0.0471698113207547,0.0518867924528302,0.0235849056603774,0.0283018867924528,0.0613207547169811
0.0998487140695915,0.0423600605143722,0.0620272314674735,0.0393343419062027,0.00605143721633888,0.101361573373676,0.0771558245083207,0.0786686838124055,0.010590015128593,0.0393343419062027,0.0635400907715582,0.0665658093797277,0.027231467473525,0.0453857791225416,0.0574886535552194,0.0620272314674735,0.0363086232980333,0.00302571860816944,0.0317700453857791,0.0499243570347958
0.0284463894967177,0.0568927789934354,0.105032822757112,0.0525164113785558,0.0087527352297593,0.0590809628008753,0.0590809628008753,0.0634573304157549,0.0131291028446389,0.0459518599562363,0.0525164113785558,0.0590809628008753,0.0262582056892779,0.0306345733041575,0.0656455142231947,0.12910284463895,0.0481400437636762,0.00656455142231947,0.0612691466083151,0.0284463894967177
0.053030303030303,0.0303030303030303,0.0378787878787879,0.0227272727272727,0.00757575757575758,0.053030303030303,0.0606060606060606,0.0606060606060606,0.0454545454545455,0.0833333333333333,0.128787878787879,0.053030303030303,0.0303030303030303,0.0606060606060606,0.0454545454545455,0.0681818181818182,0.0833333333333333,0,0.0454545454545455,0.0303030303030303
0.0622775800711744,0.0213523131672598,0.0765124555160142,0.0587188612099644,0.0106761565836299,0.0480427046263345,0.0409252669039146,0.0587188612099644,0.0195729537366548,0.0622775800711744,0.101423487544484,0.0569395017793594,0.00711743772241993,0.0516014234875445,0.0284697508896797,0.0854092526690391,0.0889679715302491,0.0302491103202847,0.0462633451957295,0.0444839857651246
0.0447284345047923,0.0351437699680511,0.0511182108626198,0.060702875399361,0.012779552715655,0.0511182108626198,0.0415335463258786,0.0894568690095847,0.0383386581469649,0.0575079872204473,0.0766773162939297,0.0798722044728434,0.0319488817891374,0.060702875399361,0.0575079872204473,0.0511182108626198,0.0543130990415335,0.00958466453674121,0.0479233226837061,0.0479233226837061
0.0709219858156028,0.0260047281323877,0.0732860520094563,0.0614657210401891,0,0.066193853427896,0.0449172576832151,0.0638297872340425,0.0212765957446809,0.0614657210401891,0.0945626477541371,0.0874704491725768,0.0118203309692671,0.0449172576832151,0.033096926713948,0.0969267139479905,0.0638297872340425,0.00945626477541371,0.0260047281323877,0.0425531914893617
0.0762124711316397,0.0161662817551963,0.0969976905311778,0.0415704387990762,0.0069284064665127,0.0115473441108545,0.0508083140877598,0.0577367205542725,0.0138568129330254,0.0508083140877598,0.0808314087759815,0.0277136258660508,0.0277136258660508,0.0600461893764434,0.0415704387990762,0.10161662817552,0.0831408775981524,0.023094688221709,0.0577367205542725,0.0739030023094688
0.0846681922196796,0.0411899313501144,0.0411899313501144,0.0480549199084668,0.0022883295194508,0.0434782608695652,0.0617848970251716,0.102974828375286,0.0389016018306636,0.0320366132723112,0.0983981693363844,0.0366132723112128,0.0320366132723112,0.0297482837528604,0.0640732265446224,0.109839816933638,0.0755148741418764,0.0091533180778032,0.0160183066361556,0.0320366132723112
0.0957264957264957,0.0376068376068376,0.0341880341880342,0.0581196581196581,0.0153846153846154,0.0376068376068376,0.0957264957264957,0.0495726495726496,0.0461538461538462,0.0273504273504274,0.041025641025641,0.0461538461538462,0.0239316239316239,0.0188034188034188,0.094017094017094,0.0974358974358974,0.0735042735042735,0.00512820512820513,0.0478632478632479,0.0547008547008547
