A,R,N,D,C,E,Q,G,H,I,L,K,M,F,P,S,T,W,Y,V,Class
0.055105348,0.035656402,0.074554295,0.038897893,0.004862237,0.042139384,0.063209076,0.063209076,0.01458671,0.059967585,0.094003241,0.055105348,0.024311183,0.051863857,0.059967585,0.116693679,0.05834684,0.009724473,0.027552674,0.050243112,Negative
0.036750484,0.01934236,0.072533849,0.03384913,0.01934236,0.037717602,0.01450677,0.040618956,0.02417795,0.070599613,0.063829787,0.056092843,0.01450677,0.032882012,0.046421663,0.195357834,0.13926499,0.002901354,0.042553191,0.036750484,Positive
0.063492063,0.031746032,0.055555556,0.103174603,0.007936508,0.043650794,0.035714286,0.047619048,0.01984127,0.043650794,0.091269841,0.095238095,0.015873016,0.05952381,0.05952381,0.075396825,0.071428571,0.01984127,0.01984127,0.03968254,Negative
0.041269841,0.048677249,0.070899471,0.066666667,0.004232804,0.061375661,0.070899471,0.027513228,0.027513228,0.050793651,0.070899471,0.064550265,0.02010582,0.033862434,0.077248677,0.107936508,0.096296296,0.006349206,0.017989418,0.034920635,Positive
0.034274194,0.03125,0.0625,0.095766129,0.012096774,0.070564516,0.030241935,0.044354839,0.022177419,0.095766129,0.097782258,0.074596774,0.018145161,0.049395161,0.03125,0.087701613,0.053427419,0.012096774,0.03125,0.045362903,Negative
0.043209877,0.024691358,0.049382716,0.067901235,0.012345679,0.092592593,0.049382716,0.074074074,0.024691358,0.067901235,0.12345679,0.049382716,0.030864198,0.043209877,0.018518519,0.049382716,0.043209877,0.018518519,0.030864198,0.086419753,Negative
0.075107296,0.034334764,0.055793991,0.064377682,0.02360515,0.068669528,0.025751073,0.053648069,0.025751073,0.051502146,0.098712446,0.066523605,0.015021459,0.055793991,0.038626609,0.070815451,0.057939914,0.006437768,0.042918455,0.068669528,Negative
0.047169811,0.028301887,0.028301887,0.047169811,0.018867925,0.066037736,0.047169811,0.075471698,0.018867925,0.028301887,0.094339623,0.150943396,0.009433962,0.037735849,0.009433962,0.113207547,0.08490566,0,0.028301887,0.066037736,Negative
0.045977011,0.011494253,0.034482759,0,0.034482759,0.045977011,0.057471264,0.045977011,0.011494253,0.068965517,0.08045977,0.034482759,0.022988506,0.057471264,0.057471264,0.149425287,0.126436782,0,0.045977011,0.068965517,Positive
0.02739726,0.01369863,0.02739726,0.054794521,0.02739726,0.068493151,0.04109589,0.054794521,0.01369863,0.068493151,0.095890411,0.136986301,0.02739726,0.02739726,0.02739726,0.068493151,0.068493151,0,0.04109589,0.109589041,Negative
0.049773756,0.022624434,0.085972851,0.040723982,0.040723982,0.054298643,0.054298643,0.045248869,0.045248869,0.063348416,0.104072398,0.063348416,0.013574661,0.027149321,0.031674208,0.07239819,0.081447964,0.009049774,0.036199095,0.058823529,Negative
0.081992337,0.007662835,0.031417625,0.102681992,0.014559387,0.06743295,0.009195402,0.047509579,0.003065134,0.062835249,0.04137931,0.014559387,0.001532567,0.01532567,0.044444444,0.21532567,0.134099617,0.003065134,0.017624521,0.084291188,Positive
0.041474654,0.046082949,0.046082949,0.069124424,0,0.046082949,0.055299539,0.059907834,0.02764977,0.055299539,0.105990783,0.087557604,0.01843318,0.02764977,0.055299539,0.064516129,0.064516129,0.01843318,0.041474654,0.069124424,Negative
0.118733509,0.04353562,0.025065963,0.067282322,0.01055409,0.042216359,0.096306069,0.072559367,0.040897098,0.014511873,0.055408971,0.03298153,0.026385224,0.01055409,0.094986807,0.09762533,0.067282322,0.003957784,0.031662269,0.047493404,Negative
0.05704698,0.030201342,0.090604027,0.040268456,0.016778523,0.030201342,0.046979866,0.036912752,0.026845638,0.043624161,0.100671141,0.077181208,0.006711409,0.026845638,0.043624161,0.16442953,0.087248322,0.016778523,0.016778523,0.040268456,Negative
0.03931848,0.002621232,0.011795544,0.011795544,0.014416776,0.031454784,0.020969856,0.01310616,0.011795544,0.041939712,0.05242464,0.015727392,0.014416776,0.018348624,0.043250328,0.360419397,0.217562254,0.003931848,0.01965924,0.055045872,Positive
0.094972067,0.05027933,0.044692737,0.067039106,0.019553073,0.055865922,0.027932961,0.097765363,0.025139665,0.053072626,0.072625698,0.058659218,0.025139665,0.036312849,0.055865922,0.05027933,0.05027933,0.022346369,0.039106145,0.053072626,Negative
0.070921986,0.026004728,0.073286052,0.061465721,0,0.066193853,0.044917258,0.063829787,0.021276596,0.061465721,0.094562648,0.087470449,0.011820331,0.044917258,0.033096927,0.096926714,0.063829787,0.009456265,0.026004728,0.042553191,Negative
0.090322581,0.05483871,0.043548387,0.046774194,0.00483871,0.043548387,0.037096774,0.074193548,0.020967742,0.051612903,0.064516129,0.043548387,0.019354839,0.037096774,0.112903226,0.117741935,0.048387097,0.009677419,0.020967742,0.058064516,Negative
0.006831768,0.006831768,0.056362084,0.143467122,0.080273271,0.076857387,0.002561913,0.023057216,0.058070026,0.002561913,0.054654142,0.113578138,0.000853971,0.023057216,0.03501281,0.078565329,0.009393681,0.1323655,0.084543126,0.011101623,Positive
0.066225166,0.037527594,0.121412804,0.055187638,0.006622517,0.04415011,0.12803532,0.070640177,0.017660044,0.050772627,0.041942605,0.028697572,0.04415011,0.041942605,0.059602649,0.06401766,0.033112583,0.008830022,0.026490066,0.052980132,Negative
0.049132948,0.049132948,0.063583815,0.080924855,0.010115607,0.072254335,0.028901734,0.053468208,0.026011561,0.054913295,0.080924855,0.078034682,0.023121387,0.041907514,0.054913295,0.076589595,0.065028902,0.00433526,0.018786127,0.067919075,Negative
0.082317073,0.027439024,0.071646341,0.045731707,0.006097561,0.051829268,0.080792683,0.056402439,0.019817073,0.047256098,0.057926829,0.05945122,0.024390244,0.045731707,0.056402439,0.088414634,0.085365854,0.006097561,0.047256098,0.039634146,Negative
0.050035236,0.010570825,0.047921071,0.056377731,0.007751938,0.052149401,0.022551092,0.039464412,0.013389711,0.059901339,0.04721635,0.026779422,0.006342495,0.033826638,0.045806906,0.219168428,0.162790698,0.011275546,0.026779422,0.059901339,Positive
0.045673077,0.009615385,0.045673077,0.040865385,0.016826923,0.040865385,0.028846154,0.081730769,0.004807692,0.048076923,0.038461538,0.021634615,0.012019231,0.069711538,0.060096154,0.122596154,0.153846154,0.012019231,0.0625,0.084134615,Positive
0.055555556,0.043209877,0.064814815,0.040123457,0.018518519,0.111111111,0.080246914,0.030864198,0.024691358,0.033950617,0.108024691,0.117283951,0.021604938,0.021604938,0.030864198,0.074074074,0.049382716,0.00308642,0.033950617,0.037037037,Negative
0.108333333,0.091666667,0.008333333,0.016666667,0.008333333,0.066666667,0.091666667,0.016666667,0,0.041666667,0.108333333,0.183333333,0.008333333,0.016666667,0.033333333,0.05,0.05,0,0.033333333,0.066666667,Negative
0.076190476,0.028571429,0.038095238,0.019047619,0,0.047619048,0.038095238,0.085714286,0,0.066666667,0.123809524,0.114285714,0.019047619,0.019047619,0.019047619,0.095238095,0.066666667,0,0.057142857,0.085714286,Negative
0.026011561,0.034682081,0.080924855,0.069364162,0.002890173,0.069364162,0.101156069,0.028901734,0.00867052,0.066473988,0.098265896,0.089595376,0.014450867,0.034682081,0.040462428,0.060693642,0.069364162,0.011560694,0.049132948,0.043352601,Negative
0.099848714,0.042360061,0.062027231,0.039334342,0.006051437,0.101361573,0.077155825,0.078668684,0.010590015,0.039334342,0.063540091,0.066565809,0.027231467,0.045385779,0.057488654,0.062027231,0.036308623,0.003025719,0.031770045,0.049924357,Negative
0.074418605,0.027906977,0.065116279,0.055813953,0.009302326,0.060465116,0.023255814,0.037209302,0.004651163,0.102325581,0.102325581,0.065116279,0.013953488,0.051162791,0.018604651,0.088372093,0.074418605,0.009302326,0.041860465,0.074418605,Negative
0.026170799,0.008264463,0.035123967,0.04338843,0.004132231,0.094352617,0.019972452,0.073002755,0.003443526,0.05785124,0.026170799,0.006887052,0.003443526,0.025482094,0.056473829,0.111570248,0.267906336,0.016528926,0.039944904,0.079889807,Positive
0.05451448,0.058773424,0.058773424,0.068143101,0.00681431,0.070698467,0.036626917,0.035775128,0.021294719,0.074957411,0.104770017,0.091993186,0.017887564,0.041737649,0.041737649,0.090289608,0.052810903,0.005110733,0.028109029,0.039182283,Negative
0.044444444,0.035802469,0.161728395,0.041975309,0,0.016049383,0.169135802,0.045679012,0.011111111,0.02962963,0.05308642,0.04691358,0.05308642,0.020987654,0.051851852,0.097530864,0.062962963,0.003703704,0.012345679,0.041975309,Negative
0.116766467,0.038922156,0.023952096,0.050898204,0.008982036,0.077844311,0.026946108,0.095808383,0.035928144,0.047904192,0.074850299,0.05988024,0.026946108,0.02994012,0.032934132,0.053892216,0.080838323,0.005988024,0.02994012,0.080838323,Negative
0.057401813,0.033232628,0.063444109,0.060422961,0.018126888,0.060422961,0.054380665,0.051359517,0.021148036,0.054380665,0.075528701,0.102719033,0.006042296,0.021148036,0.048338369,0.099697885,0.090634441,0.006042296,0.036253776,0.039274924,Negative
0.093103448,0.010344828,0.044827586,0.026436782,0.005747126,0.036781609,0.055172414,0.125287356,0.006896552,0.03908046,0.057471264,0.003448276,0.005747126,0.02183908,0.087356322,0.209195402,0.086206897,0,0.012643678,0.072413793,Positive
0.063684211,0.039473684,0.047368421,0.052105263,0.014736842,0.054736842,0.034736842,0.042105263,0.023157895,0.077368421,0.119473684,0.066842105,0.018421053,0.056315789,0.037368421,0.093157895,0.064736842,0.008421053,0.036315789,0.049473684,Negative
0.108843537,0.047619048,0.020408163,0.074829932,0,0.027210884,0.047619048,0.115646259,0.006802721,0.074829932,0.047619048,0.054421769,0.020408163,0.027210884,0.027210884,0.081632653,0.081632653,0,0.027210884,0.108843537,Negative
0.085714286,0.036734694,0.065306122,0.03877551,0.008163265,0.02244898,0.06122449,0.073469388,0.034693878,0.030612245,0.104081633,0.032653061,0.036734694,0.014285714,0.069387755,0.179591837,0.053061224,0.008163265,0.012244898,0.032653061,Negative
0.088937093,0.039045553,0.069414317,0.030368764,0.017353579,0.019522777,0.060737527,0.034707158,0.015184382,0.017353579,0.086767896,0.019522777,0.026030369,0.036876356,0.091106291,0.143167028,0.071583514,0.017353579,0.054229935,0.060737527,Negative
0.05988024,0.02994012,0.095808383,0.035928144,0,0.02994012,0.035928144,0.041916168,0.011976048,0.065868263,0.053892216,0.191616766,0.005988024,0.023952096,0.047904192,0.113772455,0.077844311,0,0.017964072,0.05988024,Negative
0.095726496,0.037606838,0.034188034,0.058119658,0.015384615,0.037606838,0.095726496,0.04957265,0.046153846,0.027350427,0.041025641,0.046153846,0.023931624,0.018803419,0.094017094,0.097435897,0.073504274,0.005128205,0.047863248,0.054700855,Negative
0.012711864,0.015536723,0.074152542,0.056497175,0.007768362,0.016242938,0.01200565,0.097457627,0.01059322,0.036016949,0.037429379,0.027542373,0.004943503,0.041666667,0.095338983,0.22740113,0.15960452,0.002118644,0.024717514,0.040254237,Positive
0.044471154,0.014423077,0.079326923,0.040865385,0.008413462,0.034855769,0.026442308,0.074519231,0.016826923,0.085336538,0.042067308,0.03125,0.019230769,0.040865385,0.046875,0.114182692,0.144230769,0.004807692,0.046875,0.084134615,Positive
0.102065614,0.0036452,0.109356015,0.059538275,0,0.057108141,0.035236938,0.078979344,0.0036452,0.018226002,0.037667072,0.109356015,0.002430134,0.075334143,0.051032807,0.145808019,0.085054678,0.002430134,0.004860267,0.018226002,Negative
0.07115869,0.033375315,0.044710327,0.051007557,0.014483627,0.069269521,0.027707809,0.07115869,0.023929471,0.06675063,0.091939547,0.070528967,0.019521411,0.038413098,0.043450882,0.073047859,0.068010076,0.01070529,0.028337531,0.082493703,Negative
0.05787037,0.034722222,0.071759259,0.069444444,0.006944444,0.025462963,0.113425926,0.092592593,0.016203704,0.055555556,0.0625,0.037037037,0.037037037,0.025462963,0.074074074,0.064814815,0.043981481,0.00462963,0.060185185,0.046296296,Negative
0.099802372,0.050395257,0.045454545,0.046442688,0.004940711,0.068181818,0.08201581,0.057312253,0.019762846,0.038537549,0.088932806,0.057312253,0.017786561,0.028656126,0.077075099,0.079051383,0.046442688,0.008893281,0.035573123,0.04743083,Negative
0.068833652,0.043977055,0.055449331,0.049713193,0.015296367,0.047801147,0.040152964,0.101338432,0.013384321,0.055449331,0.095602294,0.06500956,0.038240918,0.034416826,0.030592734,0.07456979,0.066921606,0.001912046,0.024856597,0.076481836,Negative
0.075153374,0.058282209,0.087423313,0.049079755,0,0.059815951,0.069018405,0.062883436,0.030674847,0.038343558,0.038343558,0.058282209,0.016871166,0.027607362,0.058282209,0.104294479,0.084355828,0,0.021472393,0.059815951,Negative
0.045901639,0.02295082,0.049180328,0.042622951,0.02295082,0.085245902,0.049180328,0.042622951,0.026229508,0.068852459,0.072131148,0.06557377,0.016393443,0.042622951,0.055737705,0.085245902,0.06557377,0.013114754,0.059016393,0.068852459,Negative
0.061818182,0.054545455,0.047272727,0.061818182,0.010909091,0.069090909,0.061818182,0.036363636,0.018181818,0.054545455,0.087272727,0.112727273,0.021818182,0.036363636,0.043636364,0.101818182,0.047272727,0.010909091,0.029090909,0.032727273,Negative
0.047101449,0.036231884,0.079710145,0.072463768,0.02173913,0.054347826,0.014492754,0.079710145,0.014492754,0.032608696,0.079710145,0.06884058,0.025362319,0.036231884,0.025362319,0.105072464,0.072463768,0.018115942,0.032608696,0.083333333,Negative
0.056603774,0.05,0.080188679,0.052830189,0.00754717,0.051886792,0.043396226,0.051886792,0.024528302,0.037735849,0.071698113,0.068867925,0.018867925,0.032075472,0.088679245,0.117924528,0.050943396,0.008490566,0.040566038,0.045283019,Negative
0.098802395,0.041916168,0.080838323,0.05988024,0,0.038922156,0.023952096,0.083832335,0.038922156,0.02994012,0.053892216,0.02994012,0.02994012,0.01497006,0.071856287,0.134730539,0.098802395,0,0.023952096,0.04491018,Negative
0.017006803,0.037414966,0.081632653,0.044217687,0.020408163,0.06122449,0.037414966,0.06122449,0.034013605,0.06462585,0.054421769,0.091836735,0.006802721,0.047619048,0.057823129,0.12585034,0.06122449,0,0.037414966,0.057823129,Negative
0.04,0,0.02,0.06,0.24,0.04,0.08,0.06,0.02,0,0,0.18,0.02,0,0.02,0.16,0.04,0,0,0.02,Negative
0.04,0.016202532,0.037974684,0.05164557,0.004556962,0.077468354,0.015696203,0.042531646,0.017721519,0.060759494,0.041518987,0.031898734,0.012151899,0.043544304,0.051139241,0.191898734,0.156455696,0.013670886,0.025316456,0.067848101,Positive
0.112745098,0.009803922,0.014705882,0.049019608,0,0.058823529,0.058823529,0.117647059,0.019607843,0.044117647,0.068627451,0.068627451,0.029411765,0.058823529,0.053921569,0.053921569,0.058823529,0.019607843,0.044117647,0.058823529,Negative
0.109717868,0.031347962,0.047021944,0.078369906,0.006269592,0.028213166,0.037617555,0.068965517,0.021943574,0.05015674,0.090909091,0.059561129,0.021943574,0.031347962,0.02507837,0.087774295,0.072100313,0.034482759,0.021943574,0.07523511,Negative
0.041462084,0.009274414,0.050190944,0.033278778,0.005455537,0.061647572,0.011456628,0.044735406,0.009819967,0.064375341,0.034369885,0.03218767,0.006001091,0.042553191,0.062193126,0.180578287,0.192580469,0.014184397,0.025641026,0.078014184,Positive
0.056859206,0.051444043,0.078519856,0.046931408,0.005415162,0.062274368,0.087545126,0.053249097,0.023465704,0.046028881,0.073104693,0.057761733,0.027978339,0.030685921,0.041516245,0.123646209,0.054151625,0.000902527,0.032490975,0.046028881,Negative
0.071005917,0,0.041420118,0.023668639,0.017751479,0.065088757,0.00591716,0.047337278,0.00295858,0.026627219,0.044378698,0.023668639,0.00591716,0.014792899,0.097633136,0.124260355,0.292899408,0,0.029585799,0.065088757,Negative
0.06557377,0.019125683,0.046448087,0.049180328,0,0.117486339,0.038251366,0.068306011,0.005464481,0.043715847,0.054644809,0.136612022,0.005464481,0.038251366,0.06284153,0.081967213,0.081967213,0.008196721,0.016393443,0.06010929,Negative
0.032989691,0.043298969,0.070103093,0.051546392,0.008247423,0.078350515,0.028865979,0.016494845,0.012371134,0.068041237,0.154639175,0.074226804,0.024742268,0.032989691,0.051546392,0.082474227,0.057731959,0.006185567,0.035051546,0.070103093,Positive
0.052631579,0.042105263,0.073684211,0.052631579,0.021052632,0.068421053,0.047368421,0.031578947,0.026315789,0.047368421,0.084210526,0.073684211,0.021052632,0.042105263,0.042105263,0.110526316,0.073684211,0.010526316,0.036842105,0.042105263,Negative
0.070599613,0.040618956,0.051257253,0.051257253,0.016441006,0.052224371,0.032882012,0.059961315,0.03384913,0.065764023,0.113152805,0.059961315,0.025145068,0.03384913,0.055125725,0.084139265,0.059961315,0.00483559,0.032882012,0.056092843,Negative
0.022463207,0.0232378,0.01859024,0.07436096,0.005422153,0.040278854,0.013168087,0.061967467,0.01859024,0.079008521,0.021688613,0.00697134,0.000774593,0.04182804,0.089852827,0.071262587,0.312161115,0.019364833,0.021688613,0.057319907,Positive
0.070945946,0.027027027,0.072297297,0.043918919,0.002702703,0.054054054,0.102027027,0.066216216,0.007432432,0.047297297,0.060810811,0.052702703,0.022297297,0.031756757,0.101351351,0.1,0.07027027,0.002702703,0.022972973,0.041216216,Negative
0.023529412,0.055882353,0.041176471,0.064705882,0.014705882,0.082352941,0.020588235,0.067647059,0.032352941,0.058823529,0.120588235,0.076470588,0.038235294,0.052941176,0.041176471,0.070588235,0.026470588,0.020588235,0.041176471,0.05,Negative
0.061111111,0,0.061111111,0.061111111,0.033333333,0.066666667,0.038888889,0.083333333,0.033333333,0.072222222,0.088888889,0.072222222,0.011111111,0.038888889,0.022222222,0.083333333,0.044444444,0.016666667,0.033333333,0.077777778,Negative
0.064676617,0.039800995,0.049751244,0.034825871,0.009950249,0.024875622,0.024875622,0.059701493,0.024875622,0.059701493,0.119402985,0.039800995,0.009950249,0.089552239,0.049751244,0.089552239,0.064676617,0.034825871,0.049751244,0.059701493,Negative
0.082191781,0.061643836,0.068493151,0.089041096,0.01369863,0.054794521,0.04109589,0.04109589,0,0.04109589,0.109589041,0.034246575,0.020547945,0.034246575,0.034246575,0.082191781,0.061643836,0.006849315,0.061643836,0.061643836,Negative
0.039613527,0.005797101,0.021256039,0.028985507,0.012560386,0.079227053,0.010628019,0.073429952,0.017391304,0.065700483,0.024154589,0.069565217,0.000966184,0.02705314,0.052173913,0.080193237,0.248309179,0.014492754,0.063768116,0.0647343,Positive
0.112399643,0,0.005352364,0.010704728,0.017841213,0.106155219,0.018733274,0.04103479,0.001784121,0.021409456,0.007136485,0.014272971,0.001784121,0.004460303,0.151650312,0.137377342,0.278322926,0.000892061,0.015165031,0.05352364,Positive
0.109311741,0.024291498,0.048582996,0.044534413,0.008097166,0.060728745,0.024291498,0.060728745,0.012145749,0.072874494,0.085020243,0.089068826,0.024291498,0.044534413,0.04048583,0.072874494,0.056680162,0.012145749,0.008097166,0.101214575,Negative
0.051546392,0.072164948,0.092783505,0.051546392,0,0.030927835,0.030927835,0.051546392,0,0.072164948,0.12371134,0.051546392,0.041237113,0.06185567,0,0.144329897,0.06185567,0.010309278,0.020618557,0.030927835,Negative
