A,R,N,D,C,E,Q,G,H,I,L,K,M,F,P,S,T,W,Y,V,Class
0.098039216,0.023172906,0.051693405,0.048128342,0.001782531,0.064171123,0.026737968,0.085561497,0.037433155,0.049910873,0.085561497,0.069518717,0.021390374,0.058823529,0.033868093,0.067736185,0.069518717,0.01426025,0.026737968,0.065953654,Negative
0.074812968,0.037406484,0.054862843,0.039900249,0.044887781,0.039900249,0.06234414,0.059850374,0.024937656,0.049875312,0.074812968,0.052369077,0.02244389,0.064837905,0.049875312,0.039900249,0.049875312,0.032418953,0.042394015,0.082294264,Negative
0.046413502,0.010548523,0.042194093,0.037974684,0.006329114,0.030590717,0.018987342,0.039029536,0.006329114,0.065400844,0.058016878,0.01371308,0.003164557,0.035864979,0.060126582,0.229957806,0.174050633,0.005274262,0.037974684,0.078059072,Positive
0.053030303,0.03030303,0.037878788,0.022727273,0.007575758,0.053030303,0.060606061,0.060606061,0.045454545,0.083333333,0.128787879,0.053030303,0.03030303,0.060606061,0.045454545,0.068181818,0.083333333,0,0.045454545,0.03030303,Negative
0.042071197,0.008090615,0.05231931,0.028047465,0.004314995,0.065803668,0.011866235,0.043149946,0.007011866,0.054476807,0.032901834,0.030744337,0.009169364,0.044768069,0.064724919,0.176914779,0.198489752,0.014563107,0.029126214,0.081445523,Positive
0.118721461,0.029680365,0.04109589,0.066210046,0.006849315,0.066210046,0.034246575,0.079908676,0.015981735,0.063926941,0.084474886,0.089041096,0.00913242,0.02283105,0.03652968,0.066210046,0.0456621,0.011415525,0.034246575,0.077625571,Positive
0.103550296,0.038461538,0.053254438,0.065088757,0.00887574,0.038461538,0.017751479,0.082840237,0.026627219,0.071005917,0.053254438,0.071005917,0.020710059,0.029585799,0.038461538,0.073964497,0.068047337,0.01183432,0.035502959,0.091715976,Positive
0.079069767,0.018604651,0.074418605,0.041860465,0.004651163,0.027906977,0.134883721,0.065116279,0.013953488,0.046511628,0.074418605,0.051162791,0.004651163,0.037209302,0.111627907,0.111627907,0.023255814,0.009302326,0.041860465,0.027906977,Negative
0.027131783,0.054263566,0.019379845,0.093023256,0.023255814,0.058139535,0.046511628,0.062015504,0.027131783,0.050387597,0.100775194,0.073643411,0.031007752,0.046511628,0.042635659,0.073643411,0.042635659,0.007751938,0.054263566,0.065891473,Negative
0.090909091,0.022727273,0.090909091,0.037878788,0.022727273,0.053030303,0.03030303,0.03030303,0.022727273,0.037878788,0.121212121,0.037878788,0.022727273,0.045454545,0.03030303,0.113636364,0.075757576,0.03030303,0.015151515,0.068181818,Negative
0.111922141,0.03406326,0.060016221,0.04217356,0.00567721,0.053527981,0.04703974,0.060827251,0.02514193,0.03406326,0.078669911,0.058394161,0.02108678,0.02757502,0.081914031,0.090024331,0.062449311,0.01540957,0.02189781,0.068126521,Negative
0.084668192,0.041189931,0.041189931,0.04805492,0.00228833,0.043478261,0.061784897,0.102974828,0.038901602,0.032036613,0.098398169,0.036613272,0.032036613,0.029748284,0.064073227,0.109839817,0.075514874,0.009153318,0.016018307,0.032036613,Negative
0.076009501,0.049881235,0.06175772,0.054631829,0.026128266,0.054631829,0.03087886,0.076009501,0.023752969,0.06888361,0.09263658,0.059382423,0.035629454,0.028503563,0.042755344,0.049881235,0.052256532,0.007125891,0.033254157,0.076009501,Negative
0.085106383,0.035460993,0.05106383,0.055319149,0.008510638,0.046808511,0.065248227,0.082269504,0.028368794,0.031205674,0.10212766,0.062411348,0.022695035,0.036879433,0.042553191,0.079432624,0.065248227,0.011347518,0.036879433,0.05106383,Negative
0.057591623,0.023934181,0.035901272,0.031787584,0.004487659,0.044876589,0.026551982,0.068436799,0.004113687,0.060957367,0.016454749,0.010845176,0.001495886,0.020942408,0.102094241,0.087135378,0.256170531,0.022064323,0.050112191,0.074046372,Positive
0.03875969,0.069767442,0.046511628,0.042635659,0,0.062015504,0.027131783,0.065891473,0.011627907,0.069767442,0.081395349,0.151162791,0.019379845,0.046511628,0.050387597,0.062015504,0.042635659,0.015503876,0.042635659,0.054263566,Negative
0.054945055,0.010989011,0.021978022,0.032967033,0,0.10989011,0.054945055,0.065934066,0.021978022,0.076923077,0.087912088,0.087912088,0.021978022,0.076923077,0.021978022,0.076923077,0.054945055,0.010989011,0.065934066,0.043956044,Negative
0.049360146,0.056672761,0.020109689,0.027422303,0,0.045703839,0.021937843,0.095063985,0.021937843,0.073126143,0.056672761,0.034734918,0.005484461,0.021937843,0.109689214,0.199268739,0.091407678,0.001828154,0.007312614,0.060329068,Positive
0.080068143,0.030664395,0.044293015,0.05451448,0.008517888,0.063032368,0.035775128,0.073253833,0.032367973,0.051107325,0.095400341,0.069846678,0.018739353,0.056218058,0.042589438,0.059625213,0.069846678,0.011925043,0.039182283,0.063032368,Negative
0.061591104,0.009409752,0.03849444,0.02566296,0.02994012,0.072711719,0.015397776,0.032506416,0.007698888,0.035928144,0.032506416,0.026518392,0.011120616,0.02566296,0.041916168,0.242087254,0.165953807,0.007698888,0.040205304,0.076988879,Positive
0.103896104,0,0.038961039,0.038961039,0,0.025974026,0.064935065,0.038961039,0,0.025974026,0.090909091,0.051948052,0.051948052,0.090909091,0.038961039,0.090909091,0.064935065,0,0.025974026,0.155844156,Negative
0.05,0.058,0.056,0.042,0.01,0.06,0.034,0.072,0.024,0.042,0.096,0.064,0.028,0.066,0.044,0.086,0.052,0.016,0.026,0.074,Negative
0.035671819,0.038049941,0.136741974,0.057074911,0.005945303,0.045184304,0.068965517,0.042806183,0.022592152,0.040428062,0.095124851,0.052318668,0.022592152,0.051129608,0.053507729,0.107015458,0.043995244,0.003567182,0.032104637,0.045184304,Negative
0.067282322,0.029023747,0.110817942,0.036939314,0.021108179,0.039577836,0.051451187,0.030343008,0.026385224,0.059366755,0.113456464,0.065963061,0.021108179,0.035620053,0.040897098,0.109498681,0.055408971,0.006596306,0.047493404,0.031662269,Negative
0.051750381,0.04718417,0.094368341,0.062404871,0.01065449,0.04414003,0.111111111,0.066971081,0.02739726,0.03652968,0.057838661,0.076103501,0.01826484,0.01826484,0.04718417,0.108066971,0.056316591,0.00152207,0.02283105,0.04109589,Negative
0.07,0.02,0.09,0.035,0.01,0.035,0.06,0.05,0.01,0.055,0.115,0.04,0.015,0.08,0.08,0.075,0.065,0.01,0.015,0.07,Negative
0.060869565,0.031884058,0.071014493,0.04057971,0.013043478,0.049275362,0.037681159,0.073913043,0.02173913,0.046376812,0.102898551,0.052173913,0.020289855,0.049275362,0.057971014,0.073913043,0.066666667,0.007246377,0.046376812,0.076811594,Negative
0.079847909,0.024714829,0.058935361,0.058935361,0.007604563,0.068441065,0.041825095,0.05513308,0.009505703,0.057034221,0.068441065,0.087452471,0.013307985,0.038022814,0.066539924,0.11026616,0.058935361,0.009505703,0.02851711,0.057034221,Negative
0.049342105,0.016447368,0.088815789,0.088815789,0,0.138157895,0.029605263,0.0625,0.023026316,0.029605263,0.042763158,0.088815789,0.013157895,0.042763158,0.046052632,0.082236842,0.075657895,0.016447368,0.019736842,0.046052632,Negative
0.095774648,0.050704225,0.03943662,0.022535211,0.008450704,0.022535211,0.095774648,0.087323944,0.016901408,0.014084507,0.053521127,0.047887324,0.042253521,0.025352113,0.118309859,0.14084507,0.036619718,0.002816901,0.022535211,0.056338028,Negative
0.108597285,0.036199095,0.027149321,0.018099548,0.009049774,0.058823529,0.027149321,0.104072398,0.004524887,0.045248869,0.045248869,0.049773756,0.018099548,0.027149321,0.067873303,0.158371041,0.067873303,0.004524887,0.022624434,0.099547511,Negative
0.12936345,0.004106776,0.024640657,0.026694045,0.01026694,0.049281314,0.018480493,0.022587269,0.002053388,0.032854209,0.039014374,0.020533881,0.016427105,0.006160164,0.036960986,0.305954825,0.106776181,0.002053388,0.022587269,0.123203285,Negative
0.043528064,0.026345934,0.097365407,0.052691867,0.012600229,0.043528064,0.069873998,0.064146621,0.026345934,0.049255441,0.093928981,0.064146621,0.048109966,0.037800687,0.060710195,0.075601375,0.053837342,0.011454754,0.034364261,0.034364261,Negative
0.032332564,0.027713626,0.073903002,0.041570439,0.002309469,0.03926097,0.145496536,0.057736721,0.018475751,0.041570439,0.101616628,0.03926097,0.03926097,0.057736721,0.062355658,0.076212471,0.041570439,0.011547344,0.034642032,0.055427252,Negative
0.106956522,0.047826087,0.04,0.046956522,0.00173913,0.066956522,0.084347826,0.074782609,0.009565217,0.036521739,0.054782609,0.046086957,0.025217391,0.034782609,0.115652174,0.071304348,0.049565217,0.007826087,0.019130435,0.06,Negative
0.048929664,0.021406728,0.070336391,0.076452599,0.003058104,0.091743119,0.024464832,0.027522936,0.01529052,0.067278287,0.076452599,0.143730887,0.018348624,0.036697248,0.04587156,0.088685015,0.06116208,0.003058104,0.033639144,0.04587156,Negative
0.076086957,0.059782609,0.027173913,0.048913043,0.02173913,0.081521739,0.048913043,0.038043478,0.032608696,0.048913043,0.10326087,0.054347826,0.016304348,0.048913043,0.032608696,0.070652174,0.076086957,0.016304348,0.032608696,0.065217391,Negative
0.036312849,0.011173184,0.058659218,0.05027933,0.022346369,0.039106145,0.025139665,0.053072626,0.005586592,0.075418994,0.061452514,0.01396648,0.008379888,0.027932961,0.061452514,0.167597765,0.153631285,0.002793296,0.05027933,0.075418994,Positive
0.1278826,0.023060797,0.037735849,0.020964361,0.012578616,0.018867925,0.014675052,0.048218029,0.004192872,0.067085954,0.096436059,0.018867925,0.004192872,0.01048218,0.136268344,0.150943396,0.14884696,0.008385744,0,0.050314465,Positive
0.047770701,0.025477707,0.066878981,0.035031847,0.012738854,0.073248408,0.025477707,0.089171975,0.012738854,0.057324841,0.101910828,0.076433121,0.02866242,0.063694268,0.050955414,0.073248408,0.060509554,0,0.044585987,0.054140127,Negative
0.063157895,0.027368421,0.122105263,0.035789474,0.008421053,0.025263158,0.088421053,0.056842105,0.004210526,0.037894737,0.033684211,0.04,0.018947368,0.077894737,0.092631579,0.130526316,0.061052632,0.008421053,0.014736842,0.052631579,Negative
0.03030303,0.050505051,0.050505051,0.04040404,0.060606061,0.01010101,0.060606061,0.050505051,0.02020202,0.090909091,0.121212121,0.060606061,0.03030303,0.080808081,0.02020202,0.04040404,0.060606061,0.02020202,0.04040404,0.060606061,Negative
0.086538462,0.045673077,0.045673077,0.067307692,0.014423077,0.033653846,0.036057692,0.088942308,0.028846154,0.0625,0.086538462,0.052884615,0.009615385,0.033653846,0.045673077,0.084134615,0.040865385,0.033653846,0.038461538,0.064903846,Positive
0.065918654,0.033660589,0.057503506,0.051893408,0.023842917,0.065918654,0.040673212,0.06171108,0.016830295,0.063113604,0.105189341,0.056100982,0.011220196,0.040673212,0.036465638,0.10799439,0.04628331,0.016830295,0.025245442,0.072931276,Negative
0.043165468,0.057553957,0.057553957,0.082733813,0.003597122,0.111510791,0.032374101,0.032374101,0.010791367,0.053956835,0.111510791,0.104316547,0.014388489,0.050359712,0.025179856,0.061151079,0.035971223,0.032374101,0.035971223,0.043165468,Negative
0.064804469,0.031284916,0.027932961,0.036871508,0.012290503,0.043575419,0.030167598,0.053631285,0.005586592,0.046927374,0.05027933,0.03575419,0.01452514,0.031284916,0.08603352,0.151955307,0.177653631,0.008938547,0.025698324,0.064804469,Negative
0.076212471,0.016166282,0.096997691,0.041570439,0.006928406,0.011547344,0.050808314,0.057736721,0.013856813,0.050808314,0.080831409,0.027713626,0.027713626,0.060046189,0.041570439,0.101616628,0.083140878,0.023094688,0.057736721,0.073903002,Negative
0.099415205,0.061403509,0.038011696,0.070175439,0.026315789,0.055555556,0.01754386,0.076023392,0.026315789,0.076023392,0.099415205,0.043859649,0.01754386,0.040935673,0.058479532,0.055555556,0.038011696,0.005847953,0.040935673,0.052631579,Negative
0.09556314,0.020477816,0.061433447,0.075085324,0.010238908,0.027303754,0.034129693,0.105802048,0.027303754,0.061433447,0.054607509,0.04778157,0.020477816,0.04778157,0.037542662,0.071672355,0.068259386,0.040955631,0.051194539,0.040955631,Positive
0.051437216,0.014372163,0.039334342,0.027987897,0.012859304,0.047655068,0.02269289,0.054462935,0.003025719,0.068835098,0.037065053,0.015128593,0.016641452,0.02269289,0.056732224,0.138426626,0.269288956,0.015128593,0.020423601,0.06580938,Positive
0.086021505,0.050179211,0.035842294,0.0609319,0.010752688,0.075268817,0.039426523,0.086021505,0.021505376,0.035842294,0.0609319,0.111111111,0.007168459,0.032258065,0.050179211,0.053763441,0.089605735,0.014336918,0.017921147,0.0609319,Negative
0.088709677,0.0625,0.036290323,0.08266129,0.008064516,0.076612903,0.036290323,0.060483871,0.024193548,0.050403226,0.092741935,0.058467742,0.02016129,0.044354839,0.052419355,0.072580645,0.04233871,0.008064516,0.018145161,0.064516129,Positive
0.102272727,0.079545455,0.068181818,0.073863636,0.017045455,0.068181818,0.045454545,0.022727273,0.005681818,0.0625,0.119318182,0.034090909,0.022727273,0.045454545,0.017045455,0.051136364,0.011363636,0.022727273,0.068181818,0.0625,Negative
0.04245283,0.037735849,0.047169811,0.051886792,0.018867925,0.108490566,0.033018868,0.061320755,0.009433962,0.094339623,0.080188679,0.066037736,0.018867925,0.056603774,0.061320755,0.047169811,0.051886792,0.023584906,0.028301887,0.061320755,Negative
0.064156206,0.012552301,0.026499303,0.032078103,0.027894003,0.043235704,0.068340307,0.089260809,0.011157601,0.051603905,0.023709902,0.057182706,0.006973501,0.029288703,0.105997211,0.078103208,0.181311018,0.006973501,0.012552301,0.071129707,Positive
0.039205436,0.015159435,0.04966022,0.039205436,0.005750131,0.059592263,0.015159435,0.042341871,0.008886566,0.070047047,0.036591741,0.028227914,0.004704652,0.042341871,0.058546785,0.17302666,0.205436487,0.013068479,0.027705175,0.065342394,Positive
0.055393586,0.058309038,0.032069971,0.06122449,0.008746356,0.084548105,0.020408163,0.096209913,0.037900875,0.081632653,0.052478134,0.064139942,0.014577259,0.052478134,0.037900875,0.067055394,0.043731778,0.026239067,0.026239067,0.078717201,Negative
0.067395264,0.030965392,0.063752277,0.067395264,0.003642987,0.04007286,0.047358834,0.072859745,0.025500911,0.067395264,0.096539162,0.032786885,0.018214936,0.056466302,0.04007286,0.087431694,0.058287796,0.023679417,0.043715847,0.056466302,Negative
0.032040472,0.050590219,0.119730185,0.069139966,0,0.05227656,0.033726813,0.10455312,0.02698145,0.035413153,0.050590219,0.077571669,0.016863406,0.048903879,0.043844857,0.107925801,0.072512648,0.005059022,0.028667791,0.023608769,Negative
0.03681592,0.04278607,0.084577114,0.073631841,0.017910448,0.074626866,0.026865672,0.037810945,0.013930348,0.061691542,0.076616915,0.114427861,0.011940299,0.046766169,0.028855721,0.108457711,0.039800995,0.005970149,0.04278607,0.053731343,Positive
0.040816327,0.071428571,0.051020408,0.066326531,0.005102041,0.066326531,0.040816327,0.051020408,0.010204082,0.045918367,0.081632653,0.107142857,0.020408163,0.035714286,0.051020408,0.12755102,0.051020408,0.005102041,0.025510204,0.045918367,Negative
0.044067797,0.040677966,0.088135593,0.044067797,0,0.054237288,0.054237288,0.077966102,0.006779661,0.057627119,0.06779661,0.040677966,0.047457627,0.033898305,0.054237288,0.074576271,0.101694915,0.010169492,0.040677966,0.061016949,Negative
0.090551181,0,0.043307087,0.023622047,0.003937008,0.039370079,0.035433071,0.062992126,0.003937008,0.027559055,0.047244094,0.047244094,0.007874016,0.011811024,0.023622047,0.204724409,0.204724409,0.015748031,0.023622047,0.082677165,Negative
0.043726236,0.010456274,0.032319392,0.046577947,0.024714829,0.071292776,0.025665399,0.037072243,0.004752852,0.059885932,0.047528517,0.025665399,0.006653992,0.030418251,0.037072243,0.242395437,0.173003802,0.003802281,0.023764259,0.053231939,Positive
0.047363718,0.016085791,0.050044683,0.036639857,0.009830206,0.050044683,0.026809651,0.057193923,0.013404826,0.055406613,0.035746202,0.022341376,0.008042895,0.025915996,0.071492404,0.111706881,0.230563003,0.019660411,0.040214477,0.071492404,Positive
0.02617801,0.035340314,0.077225131,0.061518325,0.014397906,0.041884817,0.037958115,0.036649215,0.02486911,0.10078534,0.089005236,0.092931937,0.014397906,0.04973822,0.048429319,0.106020942,0.066753927,0.010471204,0.030104712,0.035340314,Negative
0.125984252,0.031496063,0.007874016,0.039370079,0.015748031,0.047244094,0.047244094,0.118110236,0.007874016,0.094488189,0.086614173,0.047244094,0.015748031,0.023622047,0.039370079,0.070866142,0.062992126,0.015748031,0.047244094,0.05511811,Negative
0.043103448,0.011494253,0.037356322,0.097701149,0.025862069,0.060344828,0.037356322,0.054597701,0.00862069,0.068965517,0.077586207,0.126436782,0.017241379,0.040229885,0.048850575,0.103448276,0.068965517,0.002873563,0.022988506,0.045977011,Negative
0.05625,0.05625,0.0375,0.03125,0,0.06875,0.075,0.08125,0.0125,0.0375,0.1125,0.14375,0.025,0.00625,0.03125,0.1,0.0625,0,0.01875,0.04375,Negative
0.046923077,0.007692308,0.023846154,0.023076923,0.01,0.050769231,0.029230769,0.044615385,0.005384615,0.061538462,0.043076923,0.023846154,0.010769231,0.02,0.061538462,0.180769231,0.244615385,0.011538462,0.019230769,0.081538462,Positive
0.098901099,0.051282051,0.058608059,0.054945055,0.003663004,0.06959707,0.047619048,0.065934066,0.014652015,0.051282051,0.080586081,0.04029304,0.007326007,0.032967033,0.043956044,0.091575092,0.051282051,0.007326007,0.047619048,0.080586081,Negative
0.116465863,0.052208835,0.0562249,0.044176707,0.008032129,0.084337349,0.032128514,0.072289157,0.012048193,0.076305221,0.076305221,0.0562249,0.008032129,0.032128514,0.040160643,0.052208835,0.060240964,0.016064257,0.012048193,0.092369478,Positive
0.039181541,0.023073574,0.032215934,0.052677405,0.003918154,0.082716587,0.015237266,0.037440139,0.013931215,0.056595559,0.039181541,0.020026121,0.015237266,0.035698737,0.045276448,0.241619504,0.132346539,0.010448411,0.026121027,0.077057031,Positive
0.051886792,0.047169811,0.047169811,0.056603774,0.018867925,0.080188679,0.04245283,0.056603774,0.028301887,0.051886792,0.108490566,0.080188679,0.014150943,0.070754717,0.009433962,0.070754717,0.066037736,0.004716981,0.028301887,0.066037736,Negative
0.033333333,0.06,0.073333333,0.08,0,0.1,0.06,0.086666667,0.053333333,0.026666667,0.046666667,0.04,0.026666667,0.033333333,0.026666667,0.146666667,0.053333333,0,0.026666667,0.026666667,Negative
0.038404727,0.016740522,0.03741999,0.053175775,0.005416051,0.077301822,0.015755785,0.039881832,0.016740522,0.063023141,0.041358936,0.031019202,0.012801576,0.041851305,0.051206302,0.199901526,0.152141802,0.013293944,0.026587888,0.065977351,Positive
0.062408581,0.035592394,0.04778157,0.055582643,0.007313506,0.066309118,0.035104827,0.065333983,0.019015115,0.066309118,0.0872745,0.067771819,0.020477816,0.054607509,0.053144807,0.071672355,0.063871282,0.011214042,0.030229157,0.078985861,Negative
0.074285714,0.017142857,0.04,0.062857143,0.028571429,0.045714286,0.051428571,0.062857143,0.005714286,0.051428571,0.131428571,0.074285714,0.011428571,0.034285714,0.085714286,0.062857143,0.068571429,0,0.022857143,0.068571429,Negative
0.134758364,0.045539033,0.026022305,0.044609665,0.00464684,0.060408922,0.078996283,0.077137546,0.023234201,0.033457249,0.086431227,0.050185874,0.01394052,0.022304833,0.078066914,0.093866171,0.037174721,0.007434944,0.034386617,0.04739777,Negative
0.068522484,0.012847966,0.057815846,0.062098501,0.025695931,0.040685225,0.021413276,0.066381156,0.012847966,0.040685225,0.049250535,0.047109208,0.012847966,0.023554604,0.027837259,0.184154176,0.100642398,0.021413276,0.053533191,0.070663812,Negative
0.084980237,0.019762846,0.043478261,0.063241107,0.011857708,0.059288538,0.033596838,0.077075099,0.007905138,0.06916996,0.07312253,0.090909091,0.015810277,0.057312253,0.04743083,0.065217391,0.065217391,0.009881423,0.031620553,0.07312253,Negative
0.073170732,0.028455285,0.069105691,0.06097561,0,0.052845528,0.048780488,0.06504065,0.012195122,0.077235772,0.093495935,0.06097561,0.020325203,0.048780488,0.052845528,0.093495935,0.056910569,0.012195122,0.028455285,0.044715447,Negative
0.051387461,0.018499486,0.027749229,0.033915725,0.005138746,0.056526208,0.008221994,0.092497431,0.01336074,0.032887975,0.032887975,0.020554985,0.007194245,0.031860226,0.046248715,0.124357657,0.198355601,0.001027749,0.050359712,0.14696814,Positive
0.095487933,0.016789087,0.058761805,0.062959077,0.00524659,0.058761805,0.03043022,0.057712487,0.022035677,0.051416579,0.078698846,0.091290661,0.006295908,0.036726128,0.057712487,0.102833158,0.069254984,0.017838405,0.020986359,0.058761805,Negative
0.066901408,0.052816901,0.052816901,0.063380282,0.014084507,0.070422535,0.029929577,0.047535211,0.017605634,0.066901408,0.088028169,0.084507042,0.01584507,0.051056338,0.047535211,0.061619718,0.051056338,0.012323944,0.029929577,0.075704225,Negative
0.071180556,0.055555556,0.045138889,0.046875,0.008680556,0.059027778,0.039930556,0.071180556,0.03125,0.059027778,0.095486111,0.059027778,0.017361111,0.039930556,0.046875,0.069444444,0.052083333,0.001736111,0.034722222,0.095486111,Negative
0.058823529,0.078431373,0.050420168,0.039215686,0.06442577,0.067226891,0.019607843,0.056022409,0.025210084,0.050420168,0.084033613,0.095238095,0.014005602,0.033613445,0.053221289,0.06162465,0.025210084,0.00280112,0.042016807,0.078431373,Positive
0.055944056,0.06993007,0.076923077,0.041958042,0.006993007,0.062937063,0.034965035,0.090909091,0.006993007,0.055944056,0.048951049,0.034965035,0.013986014,0.041958042,0.020979021,0.055944056,0.111888112,0.020979021,0.062937063,0.083916084,Positive
0.188679245,0,0.047169811,0.075471698,0,0.141509434,0.009433962,0.094339623,0,0.047169811,0.103773585,0.047169811,0.018867925,0.037735849,0.018867925,0.075471698,0.028301887,0.009433962,0.009433962,0.047169811,Negative
0.094936709,0.025316456,0.025316456,0.025316456,0.006329114,0.044303797,0.025316456,0.101265823,0.018987342,0.069620253,0.082278481,0.113924051,0.037974684,0.025316456,0.088607595,0.069620253,0.037974684,0,0.018987342,0.088607595,Negative
0.046756283,0.039158387,0.082407949,0.07597896,0.003506721,0.072472238,0.059029807,0.027469316,0.029222677,0.056691993,0.071303331,0.083576856,0.014026885,0.035651666,0.065458796,0.110461718,0.060783168,0.004091175,0.017533606,0.044418469,Positive
0.098039216,0.019607843,0.052287582,0.052287582,0,0.045751634,0.039215686,0.071895425,0.026143791,0.045751634,0.058823529,0.071895425,0.006535948,0.026143791,0.052287582,0.08496732,0.091503268,0.026143791,0.052287582,0.078431373,Positive
0.0433213,0.032490975,0.102888087,0.05234657,0.005415162,0.019855596,0.084837545,0.037906137,0.010830325,0.045126354,0.086642599,0.064981949,0.009025271,0.045126354,0.059566787,0.166064982,0.090252708,0,0.014440433,0.028880866,Negative
0.068783069,0.042328042,0.042328042,0.042328042,0.031746032,0.042328042,0.047619048,0.084656085,0.015873016,0.068783069,0.084656085,0.105820106,0.021164021,0.042328042,0.031746032,0.037037037,0.063492063,0.021164021,0.031746032,0.074074074,Negative
0.091666667,0.066666667,0.041666667,0.058333333,0.033333333,0.025,0.1,0.1,0.041666667,0.033333333,0.066666667,0.016666667,0.008333333,0.025,0.041666667,0.041666667,0.041666667,0.008333333,0.066666667,0.091666667,Positive
0.069444444,0.050925926,0.041666667,0.060185185,0.013888889,0.069444444,0.041666667,0.027777778,0.032407407,0.083333333,0.125,0.074074074,0.023148148,0.041666667,0.037037037,0.074074074,0.032407407,0.009259259,0.023148148,0.069444444,Positive
0.08411215,0.018691589,0.009345794,0.056074766,0.018691589,0.018691589,0.028037383,0.046728972,0.028037383,0.009345794,0.102803738,0.065420561,0.065420561,0.074766355,0.018691589,0.065420561,0.08411215,0.028037383,0.102803738,0.074766355,Negative
0.041758242,0.028571429,0.094505495,0.03956044,0.008791209,0.07032967,0.059340659,0.054945055,0.024175824,0.074725275,0.101098901,0.079120879,0.021978022,0.043956044,0.028571429,0.096703297,0.059340659,0.010989011,0.032967033,0.028571429,Negative
0.072413793,0.037931034,0.072413793,0.04137931,0.018965517,0.027586207,0.04137931,0.012068966,0.020689655,0.055172414,0.122413793,0.05862069,0.020689655,0.053448276,0.048275862,0.15862069,0.074137931,0.00862069,0.036206897,0.018965517,Negative
0.038095238,0.123809524,0.019047619,0,0.00952381,0,0.057142857,0.076190476,0.00952381,0.028571429,0.133333333,0.095238095,0.028571429,0.076190476,0.066666667,0.142857143,0.057142857,0.019047619,0.00952381,0.00952381,Negative
0.036912752,0.048098434,0.060402685,0.085011186,0.006711409,0.062639821,0.055928412,0.036912752,0.022371365,0.080536913,0.092841163,0.05704698,0.012304251,0.045861298,0.045861298,0.10738255,0.045861298,0.015659955,0.022371365,0.059284116,Negative
0.099616858,0.030651341,0.049808429,0.049808429,0.01532567,0.053639847,0.045977011,0.08045977,0.034482759,0.068965517,0.08045977,0.057471264,0.01532567,0.022988506,0.026819923,0.08045977,0.068965517,0.011494253,0.034482759,0.072796935,Negative
0.080843585,0.005272408,0.024604569,0.040421793,0.024604569,0.075571178,0.054481547,0.038664323,0.001757469,0.04745167,0.0228471,0.015817223,0.012302285,0.007029877,0.149384886,0.144112478,0.166959578,0.003514938,0.024604569,0.059753954,Positive
0.037634409,0.028673835,0.125448029,0.050179211,0.008960573,0.039426523,0.046594982,0.0609319,0.010752688,0.082437276,0.078853047,0.050179211,0.021505376,0.039426523,0.041218638,0.139784946,0.071684588,0,0.032258065,0.034050179,Negative
0.048732943,0.033138402,0.06042885,0.054580897,0.003898635,0.066276803,0.052631579,0.038986355,0.01754386,0.062378168,0.136452242,0.081871345,0.031189084,0.040935673,0.035087719,0.07797271,0.056530214,0.009746589,0.031189084,0.06042885,Negative
0.100178891,0.017889088,0.076923077,0.071556351,0.025044723,0.039355993,0.012522361,0.067978533,0.001788909,0.041144902,0.048300537,0.051878354,0.016100179,0.046511628,0.025044723,0.146690519,0.080500894,0.008944544,0.053667263,0.067978533,Negative
0.07860262,0.024017467,0.069868996,0.065502183,0.021834061,0.041484716,0.037117904,0.104803493,0.013100437,0.056768559,0.076419214,0.037117904,0.037117904,0.041484716,0.015283843,0.056768559,0.093886463,0.028384279,0.052401747,0.048034934,Negative
0.067503925,0.031397174,0.083202512,0.039246468,0.001569859,0.045525903,0.114599686,0.04866562,0.028257457,0.054945055,0.078492936,0.047095761,0.020408163,0.039246468,0.051805338,0.069073783,0.076923077,0.001569859,0.042386185,0.058084772,Negative
0.116666667,0.083333333,0.020833333,0.0375,0.004166667,0.091666667,0.029166667,0.070833333,0.008333333,0.054166667,0.079166667,0.075,0.025,0.033333333,0.045833333,0.0375,0.054166667,0,0.029166667,0.104166667,Negative
0.12,0.05,0.066666667,0.036666667,0.005,0.055,0.063333333,0.086666667,0.026666667,0.028333333,0.056666667,0.051666667,0.021666667,0.026666667,0.088333333,0.083333333,0.065,0.001666667,0.015,0.051666667,Negative
0.04057971,0.043478261,0.055072464,0.063768116,0.002898551,0.133333333,0.017391304,0.049275362,0.005797101,0.04057971,0.052173913,0.289855072,0.023188406,0.014492754,0.014492754,0.063768116,0.031884058,0.011594203,0.005797101,0.04057971,Negative
0.045165394,0.040712468,0.062659033,0.066157761,0.006679389,0.072519084,0.041348601,0.041666667,0.018129771,0.078880407,0.103053435,0.073791349,0.027671756,0.043575064,0.041348601,0.093829517,0.051844784,0.009860051,0.029262087,0.051844784,Negative
0.048154093,0.032102729,0.08988764,0.019261637,0.004815409,0.030497592,0.170144462,0.025682183,0.024077047,0.046548957,0.052969502,0.04494382,0.020866774,0.030497592,0.08988764,0.118780096,0.083467095,0.006420546,0.027287319,0.033707865,Positive
0.184210526,0.013157895,0.013157895,0.105263158,0.013157895,0.065789474,0,0.065789474,0.039473684,0.039473684,0.078947368,0,0.026315789,0.052631579,0.039473684,0.092105263,0.105263158,0.026315789,0,0.039473684,Negative
0.057026477,0.016293279,0.036659878,0.040733198,0.022403259,0.026476578,0.028513238,0.042769857,0.022403259,0.093686354,0.063136456,0.036659878,0.030549898,0.024439919,0.028513238,0.138492872,0.16904277,0.00203666,0.038696538,0.081466395,Positive
0.021390374,0.048128342,0.235294118,0.026737968,0,0.048128342,0.064171123,0.058823529,0.016042781,0.080213904,0.058823529,0.053475936,0.021390374,0.021390374,0.021390374,0.117647059,0.026737968,0.005347594,0.042780749,0.032085561,Negative
0.024943311,0.038548753,0.079365079,0.138321995,0.013605442,0.106575964,0.027210884,0.047619048,0.015873016,0.049886621,0.070294785,0.072562358,0.036281179,0.040816327,0.034013605,0.081632653,0.052154195,0.006802721,0.024943311,0.038548753,Negative
0.055555556,0.063973064,0.070707071,0.065656566,0.005050505,0.112794613,0.025252525,0.045454545,0.018518519,0.055555556,0.069023569,0.109427609,0.02020202,0.03030303,0.053872054,0.079124579,0.057239057,0.003367003,0.02020202,0.038720539,Negative
0.056,0.048,0.082666667,0.050666667,0.018666667,0.037333333,0.034666667,0.072,0.026666667,0.058666667,0.090666667,0.050666667,0.018666667,0.061333333,0.034666667,0.093333333,0.053333333,0.029333333,0.026666667,0.056,Negative
0.074927954,0.011527378,0.038424592,0.037463977,0.004803074,0.036503362,0.030739673,0.040345821,0.011527378,0.065321806,0.066282421,0.030739673,0.006724304,0.026897214,0.035542747,0.207492795,0.170028818,0.002881844,0.036503362,0.065321806,Negative
0.019277108,0.031325301,0.065060241,0.060240964,0.019277108,0.048192771,0.040963855,0.057831325,0.019277108,0.065060241,0.079518072,0.089156627,0.019277108,0.062650602,0.038554217,0.101204819,0.055421687,0.012048193,0.043373494,0.072289157,Negative
0.065693431,0.04379562,0.091240876,0.025547445,0.00729927,0.047445255,0.094890511,0.040145985,0.010948905,0.03649635,0.094890511,0.040145985,0.02919708,0.03649635,0.069343066,0.135036496,0.062043796,0.003649635,0.032846715,0.032846715,Negative
0.026985351,0.01310717,0.104857363,0.051657672,0.00848111,0.01619121,0.01156515,0.090979183,0.01387818,0.034695451,0.031611411,0.031611411,0.00385505,0.033924441,0.128758674,0.197378566,0.112567463,0.00308404,0.023130301,0.061680802,Positive
0.126293996,0.028985507,0.051759834,0.035196687,0.005175983,0.070393375,0.170807453,0.030020704,0.022774327,0.034161491,0.073498965,0.034161491,0.01552795,0.011387164,0.069358178,0.071428571,0.061076605,0.010351967,0.033126294,0.044513458,Negative
0.037037037,0.021164021,0.052910053,0.058201058,0.037037037,0.021164021,0.026455026,0.063492063,0.037037037,0.042328042,0.116402116,0.058201058,0.063492063,0.037037037,0.015873016,0.105820106,0.058201058,0.037037037,0.052910053,0.058201058,Negative
0.068181818,0.011363636,0.0625,0.056818182,0.017045455,0.051136364,0.045454545,0.0625,0.039772727,0.051136364,0.107954545,0.102272727,0.017045455,0.056818182,0.034090909,0.056818182,0.034090909,0.005681818,0.034090909,0.085227273,Negative
0.028446389,0.056892779,0.105032823,0.052516411,0.008752735,0.059080963,0.059080963,0.06345733,0.013129103,0.04595186,0.052516411,0.059080963,0.026258206,0.030634573,0.065645514,0.129102845,0.048140044,0.006564551,0.061269147,0.028446389,Negative
0.06,0.0032,0.012,0.0176,0.0144,0.0528,0.0104,0.0888,0.0016,0.0192,0.012,0.0152,0.0032,0.008,0.1208,0.1728,0.2912,8.00E-04,0.0352,0.0608,Positive
0.057553957,0.026378897,0.076738609,0.088729017,0.002398082,0.050359712,0.079136691,0.055155875,0.035971223,0.043165468,0.069544365,0.043165468,0.035971223,0.028776978,0.074340528,0.079136691,0.06235012,0.009592326,0.033573141,0.047961631,Negative
0.017699115,0.079646018,0.079646018,0.008849558,0.044247788,0.017699115,0.03539823,0.026548673,0.03539823,0.053097345,0.17699115,0.053097345,0.017699115,0.088495575,0.044247788,0.088495575,0.026548673,0.008849558,0.026548673,0.07079646,Negative
0.055935364,0.007458048,0.031075202,0.019888129,0.015537601,0.03542573,0.034804226,0.02921069,0.008079553,0.049720323,0.062150404,0.02610317,0.009322561,0.02610317,0.047855811,0.264139217,0.180857676,0.007458048,0.024860162,0.064014916,Positive
0.049261084,0.113300493,0.0591133,0.073891626,0.004926108,0.093596059,0.024630542,0.049261084,0.039408867,0.0591133,0.054187192,0.088669951,0.019704433,0.02955665,0.0591133,0.073891626,0.034482759,0,0.039408867,0.034482759,Negative
0.043771044,0.023569024,0.047138047,0.050505051,0.077441077,0.077441077,0.037037037,0.063973064,0.006734007,0.060606061,0.077441077,0.101010101,0.006734007,0.02020202,0.033670034,0.138047138,0.057239057,0.013468013,0.013468013,0.050505051,Negative
0.054421769,0.088435374,0.040816327,0.013605442,0.006802721,0.068027211,0.088435374,0.013605442,0.020408163,0.034013605,0.115646259,0.102040816,0.034013605,0.040816327,0.054421769,0.088435374,0.054421769,0.013605442,0.020408163,0.047619048,Negative
0.043613707,0.015576324,0.056074766,0.059190031,0.018691589,0.090342679,0.034267913,0.043613707,0.024922118,0.052959502,0.112149533,0.080996885,0.031152648,0.052959502,0.07165109,0.065420561,0.07165109,0.00623053,0.034267913,0.034267913,Negative
0.062692703,0.015930113,0.035457348,0.017985612,0.007194245,0.043679342,0.011819116,0.077595067,0.003597122,0.032887975,0.036998972,0.024665982,0.004110997,0.024665982,0.055498458,0.098150051,0.232271326,0.002569373,0.038540596,0.17368962,Positive
0.062801932,0.060386473,0.077294686,0.019323671,0.009661836,0.031400966,0.026570048,0.038647343,0.053140097,0.062801932,0.103864734,0.04589372,0.016908213,0.024154589,0.079710145,0.077294686,0.086956522,0.012077295,0.043478261,0.06763285,Positive
0.055045872,0.047018349,0.068807339,0.049311927,0.008027523,0.056192661,0.038990826,0.048165138,0.02293578,0.04587156,0.073394495,0.040137615,0.017201835,0.047018349,0.072247706,0.133027523,0.080275229,0.001146789,0.035550459,0.059633028,Negative
0.056277056,0.051948052,0.077922078,0.043290043,0,0.047619048,0.021645022,0.043290043,0.021645022,0.051948052,0.034632035,0.043290043,0.03030303,0.025974026,0.056277056,0.212121212,0.090909091,0.008658009,0.034632035,0.047619048,Positive
0.051183621,0.003838772,0.024952015,0.015994882,0.001279591,0.04734485,0.02431222,0.097888676,0.005758157,0.030710173,0.024952015,0.003198976,0.003198976,0.007677543,0.06078055,0.074856046,0.364043506,0.001919386,0.044785669,0.111324376,Negative
0.105398458,0.033419023,0.043701799,0.025706941,0.002570694,0.048843188,0.030848329,0.059125964,0.025706941,0.064267352,0.11311054,0.071979434,0.010282776,0.038560411,0.043701799,0.077120823,0.06940874,0.01285347,0.033419023,0.089974293,Negative
0.133986928,0.003267974,0.022875817,0.039215686,0.029411765,0.009803922,0.026143791,0.078431373,0.032679739,0.032679739,0.049019608,0.029411765,0.029411765,0,0.156862745,0.045751634,0.133986928,0.016339869,0.003267974,0.12745098,Positive
0.039240506,0.035443038,0.063291139,0.062025316,0.059493671,0.110126582,0.039240506,0.053164557,0.020253165,0.02278481,0.108860759,0.136708861,0.011392405,0.024050633,0.030379747,0.055696203,0.046835443,0.012658228,0.018987342,0.049367089,Positive
0.04,0.028,0.04,0.04,0.012,0.028,0.008,0.076,0.024,0.072,0.116,0.056,0.02,0.092,0.012,0.116,0.076,0.052,0.044,0.048,Negative
0.050614606,0.009399855,0.04989154,0.056399132,0.007230658,0.04989154,0.02241504,0.040491685,0.01373825,0.06362979,0.049168474,0.0274765,0.005784526,0.033261027,0.045553145,0.219088937,0.160520607,0.010845987,0.026753435,0.057845264,Positive
0.04400978,0.024449878,0.073349633,0.058679707,0.014669927,0.061124694,0.041564792,0.058679707,0.024449878,0.080684597,0.073349633,0.063569682,0.012224939,0.056234719,0.046454768,0.073349633,0.080684597,0.019559902,0.041564792,0.051344743,Negative
0.085470085,0.051282051,0.047008547,0.05982906,0.012820513,0.051282051,0.042735043,0.08974359,0.017094017,0.05982906,0.111111111,0.05982906,0.008547009,0.02991453,0.025641026,0.072649573,0.05982906,0,0.051282051,0.064102564,Negative
0.082311734,0.005837712,0.026269702,0.025685931,0.011675423,0.051371862,0.016345593,0.08523059,0.005837712,0.040863981,0.033858727,0.021015762,0.001751313,0.017513135,0.033274956,0.288966725,0.159953298,0.000583771,0.021599533,0.070052539,Negative
0.124183007,0.071895425,0.065359477,0.026143791,0,0.045751634,0.058823529,0.045751634,0.019607843,0.039215686,0.058823529,0.111111111,0.019607843,0.006535948,0.039215686,0.08496732,0.117647059,0.006535948,0.026143791,0.032679739,Negative
0.07495069,0.01183432,0.029585799,0.061143984,0.003944773,0.037475345,0.029585799,0.063116371,0.00591716,0.037475345,0.059171598,0.045364892,0.015779093,0.029585799,0.025641026,0.24260355,0.118343195,0.013806706,0.035502959,0.059171598,Negative
0.079497908,0.071129707,0.008368201,0.046025105,0.016736402,0.071129707,0.033472803,0.037656904,0.029288703,0.033472803,0.09623431,0.050209205,0.012552301,0.029288703,0.083682008,0.167364017,0.083682008,0.008368201,0.0041841,0.037656904,Positive
0.083870968,0.032258065,0.083870968,0.070967742,0.006451613,0.070967742,0.04516129,0.025806452,0.019354839,0.04516129,0.077419355,0.058064516,0.019354839,0.070967742,0.04516129,0.103225806,0.070967742,0,0.032258065,0.038709677,Negative
0.073319756,0.048879837,0.040733198,0.044806517,0.026476578,0.065173116,0.046843177,0.065173116,0.018329939,0.046843177,0.116089613,0.063136456,0.024439919,0.028513238,0.046843177,0.093686354,0.052953157,0.00814664,0.028513238,0.061099796,Negative
0.094247246,0.023255814,0.042839657,0.034271726,0,0.018359853,0.025703794,0.055079559,0.018359853,0.040391677,0.05997552,0.05752754,0.015911873,0.013463892,0.223990208,0.154222766,0.063647491,0.00122399,0.003671971,0.053855569,Negative
0.052631579,0.063157895,0.073684211,0.021052632,0.042105263,0.031578947,0.031578947,0.052631579,0.031578947,0.042105263,0.115789474,0.105263158,0.031578947,0,0.084210526,0.094736842,0.021052632,0.010526316,0.042105263,0.052631579,Negative
0.038834951,0.033980583,0.058252427,0.082524272,0.019417476,0.058252427,0.04368932,0.072815534,0.004854369,0.053398058,0.097087379,0.087378641,0.024271845,0.038834951,0.004854369,0.072815534,0.087378641,0.009708738,0.04368932,0.067961165,Negative
0.078556263,0.033970276,0.067940552,0.082802548,0.021231423,0.036093418,0.029723992,0.095541401,0.01910828,0.04670913,0.080679406,0.042462845,0.027600849,0.044585987,0.036093418,0.08492569,0.048832272,0.025477707,0.053078556,0.044585987,Negative
0.036781609,0.071264368,0.043678161,0.050574713,0.018390805,0.059770115,0.050574713,0.057471264,0.029885057,0.068965517,0.110344828,0.036781609,0.020689655,0.052873563,0.04137931,0.073563218,0.057471264,0.018390805,0.032183908,0.068965517,Negative
0.039772727,0.039772727,0.149621212,0.051136364,0.005681818,0.037878788,0.0625,0.056818182,0.024621212,0.060606061,0.056818182,0.051136364,0.015151515,0.043560606,0.053030303,0.119318182,0.068181818,0.009469697,0.020833333,0.034090909,Negative
0.108108108,0.043243243,0.059459459,0.027027027,0.005405405,0.021621622,0.075675676,0.054054054,0.010810811,0.016216216,0.048648649,0.113513514,0.016216216,0.010810811,0.054054054,0.12972973,0.118918919,0.010810811,0.027027027,0.048648649,Negative
0.063400576,0.037463977,0.025936599,0.057636888,0.017291066,0.077809798,0.025936599,0.077809798,0.031700288,0.07204611,0.043227666,0.069164265,0.017291066,0.04610951,0.040345821,0.077809798,0.074927954,0.014409222,0.04610951,0.083573487,Negative
0.065876153,0.051383399,0.043478261,0.04743083,0.011857708,0.083003953,0.027667984,0.048748353,0.025032938,0.072463768,0.085638999,0.07773386,0.025032938,0.048748353,0.04743083,0.086956522,0.048748353,0.005270092,0.031620553,0.065876153,Negative
0.124567474,0.034602076,0.044982699,0.027681661,0.027681661,0.041522491,0.020761246,0.089965398,0.027681661,0.055363322,0.100346021,0.024221453,0.041522491,0.058823529,0.048442907,0.058823529,0.058823529,0.024221453,0.027681661,0.062283737,Negative
0.044117647,0.029411765,0.051470588,0.055147059,0.029411765,0.073529412,0.029411765,0.058823529,0.007352941,0.073529412,0.106617647,0.055147059,0.022058824,0.084558824,0.036764706,0.084558824,0.0625,0.011029412,0.025735294,0.058823529,Negative
0.047413793,0.025862069,0.030172414,0.060344828,0.012931034,0.060344828,0.043103448,0.073275862,0.017241379,0.060344828,0.094827586,0.043103448,0.021551724,0.051724138,0.064655172,0.056034483,0.094827586,0.030172414,0.060344828,0.051724138,Negative
0.05,0.015079365,0.047619048,0.043650794,0.007936508,0.046031746,0.026984127,0.054761905,0.00952381,0.051587302,0.038888889,0.021428571,0.007142857,0.024603175,0.06984127,0.149206349,0.21984127,0.013492063,0.031746032,0.070634921,Positive
